chr1	1	1000000	0.143489
chr1	1000001	2000000	0.110523
chr1	2000001	3000000	0.062248
chr1	3000001	4000000	0.112504
chr1	4000001	5000000	0.071652
chr1	5000001	6000000	0.070032
chr1	6000001	7000000	0.071497
chr1	7000001	8000000	0.093073
chr1	8000001	9000000	0.074944
chr1	9000001	10000000	0.096517
chr1	10000001	11000000	0.065915
chr1	11000001	12000000	0.120804
chr1	12000001	13000000	0.084930
chr1	13000001	14000000	0.097542
chr1	14000001	15000000	0.115238
chr1	15000001	16000000	0.100417
chr1	16000001	17000000	0.070188
chr1	17000001	18000000	0.080758
chr1	18000001	19000000	0.147384
chr1	19000001	20000000	0.070149
chr1	20000001	21000000	0.096165
chr1	21000001	22000000	0.074490
chr1	22000001	23000000	0.113821
chr1	23000001	24000000	0.088457
chr1	24000001	25000000	0.084195
chr1	25000001	26000000	0.076107
chr1	26000001	27000000	0.096851
chr1	27000001	28000000	0.073444
chr1	28000001	29000000	0.090419
chr1	29000001	30000000	0.060868
chr1	30000001	31000000	0.073289
chr1	31000001	32000000	0.047035
chr1	32000001	33000000	0.077416
chr1	33000001	34000000	0.123731
chr1	34000001	35000000	0.086815
chr1	35000001	36000000	0.061817
chr1	36000001	37000000	0.145529
chr1	37000001	38000000	0.194958
chr1	38000001	39000000	0.225567
chr1	39000001	40000000	0.242274
chr1	40000001	41000000	0.224896
chr1	41000001	42000000	0.238220
chr1	42000001	43000000	0.275101
chr1	43000001	44000000	0.160231
chr1	44000001	45000000	0.082440
chr1	45000001	46000000	0.067428
chr1	46000001	47000000	0.087805
chr1	47000001	48000000	0.091370
chr1	48000001	49000000	0.068973
chr1	49000001	50000000	0.064145
chr1	50000001	51000000	0.104380
chr1	51000001	52000000	0.091521
chr1	52000001	53000000	0.118599
chr1	53000001	54000000	0.134747
chr1	54000001	55000000	0.054606
chr1	55000001	56000000	0.109062
chr1	56000001	57000000	0.095060
chr1	57000001	58000000	0.090131
chr1	58000001	59000000	0.112442
chr1	59000001	60000000	0.093899
chr1	60000001	61000000	0.067996
chr1	61000001	62000000	0.070423
chr1	62000001	63000000	0.051543
chr1	63000001	64000000	0.123341
chr1	64000001	65000000	0.109956
chr1	65000001	66000000	0.055444
chr1	66000001	67000000	0.096900
chr1	67000001	68000000	0.058343
chr1	68000001	69000000	0.084657
chr1	69000001	70000000	0.081350
chr1	70000001	71000000	0.066466
chr1	71000001	72000000	0.097130
chr1	72000001	73000000	0.075366
chr1	73000001	74000000	0.067535
chr1	74000001	75000000	0.068041
chr1	75000001	76000000	0.117726
chr1	76000001	77000000	0.096941
chr1	77000001	78000000	0.147557
chr1	78000001	79000000	0.099356
chr1	79000001	80000000	0.124222
chr1	80000001	81000000	0.083291
chr1	81000001	82000000	0.080933
chr1	82000001	83000000	0.063941
chr1	83000001	84000000	0.082561
chr1	84000001	85000000	0.074700
chr1	85000001	86000000	0.075371
chr1	86000001	87000000	0.059915
chr1	87000001	88000000	0.100581
chr1	88000001	89000000	0.086912
chr1	89000001	90000000	0.080436
chr1	90000001	91000000	0.077088
chr1	91000001	92000000	0.057744
chr1	92000001	93000000	0.064403
chr1	93000001	94000000	0.133180
chr1	94000001	95000000	0.119478
chr1	95000001	96000000	0.077473
chr1	96000001	96096873	0.038618
chr10	1	1000000	0.097042
chr10	1000001	2000000	0.081565
chr10	2000001	3000000	0.092090
chr10	3000001	4000000	0.177581
chr10	4000001	5000000	0.094731
chr10	5000001	6000000	0.129202
chr10	6000001	7000000	0.115655
chr10	7000001	8000000	0.149454
chr10	8000001	9000000	0.072035
chr10	9000001	10000000	0.128928
chr10	10000001	11000000	0.128545
chr10	11000001	12000000	0.108332
chr10	12000001	13000000	0.151020
chr10	13000001	14000000	0.158465
chr10	14000001	15000000	0.111293
chr10	15000001	16000000	0.162448
chr10	16000001	17000000	0.212627
chr10	17000001	18000000	0.174191
chr10	18000001	19000000	0.125879
chr10	19000001	20000000	0.120665
chr10	20000001	21000000	0.142854
chr10	21000001	22000000	0.190767
chr10	22000001	23000000	0.107907
chr10	23000001	24000000	0.088369
chr10	24000001	25000000	0.101224
chr10	25000001	26000000	0.127725
chr10	26000001	27000000	0.075694
chr10	27000001	28000000	0.129756
chr10	28000001	29000000	0.095990
chr10	29000001	30000000	0.121901
chr10	30000001	31000000	0.102346
chr10	31000001	32000000	0.098396
chr10	32000001	33000000	0.156776
chr10	33000001	34000000	0.203871
chr10	34000001	35000000	0.234264
chr10	35000001	36000000	0.138138
chr10	36000001	37000000	0.125010
chr10	37000001	38000000	0.127141
chr10	38000001	39000000	0.084095
chr10	39000001	40000000	0.115282
chr10	40000001	41000000	0.103406
chr10	41000001	42000000	0.105489
chr10	42000001	43000000	0.100763
chr10	43000001	44000000	0.113337
chr10	44000001	45000000	0.114019
chr10	45000001	46000000	0.114525
chr10	46000001	47000000	0.099530
chr10	47000001	48000000	0.095211
chr10	48000001	49000000	0.080570
chr10	49000001	50000000	0.143011
chr10	50000001	51000000	0.089032
chr10	51000001	52000000	0.089241
chr10	52000001	53000000	0.070009
chr10	53000001	54000000	0.111426
chr10	54000001	55000000	0.123192
chr10	55000001	56000000	0.112440
chr10	56000001	57000000	0.132783
chr10	57000001	58000000	0.108207
chr10	58000001	59000000	0.119196
chr10	59000001	60000000	0.122892
chr10	60000001	61000000	0.116236
chr10	61000001	62000000	0.085119
chr10	62000001	63000000	0.075017
chr10	63000001	64000000	0.148604
chr10	64000001	65000000	0.141394
chr10	65000001	66000000	0.098631
chr10	66000001	67000000	0.172962
chr10	67000001	68000000	0.111104
chr10	68000001	68053814	0.078771
chr11	1	1000000	0.185450
chr11	1000001	2000000	0.126516
chr11	2000001	3000000	0.100308
chr11	3000001	4000000	0.105126
chr11	4000001	5000000	0.143435
chr11	5000001	6000000	0.118405
chr11	6000001	7000000	0.080595
chr11	7000001	8000000	0.128069
chr11	8000001	9000000	0.198034
chr11	9000001	10000000	0.166377
chr11	10000001	11000000	0.182671
chr11	11000001	12000000	0.216123
chr11	12000001	13000000	0.061534
chr11	13000001	14000000	0.096094
chr11	14000001	15000000	0.085851
chr11	15000001	16000000	0.160366
chr11	16000001	17000000	0.168528
chr11	17000001	18000000	0.155518
chr11	18000001	19000000	0.138532
chr11	19000001	20000000	0.156090
chr11	20000001	21000000	0.096341
chr11	21000001	22000000	0.171365
chr11	22000001	23000000	0.119989
chr11	23000001	24000000	0.106981
chr11	24000001	25000000	0.106585
chr11	25000001	26000000	0.113173
chr11	26000001	27000000	0.103250
chr11	27000001	28000000	0.118289
chr11	28000001	29000000	0.094392
chr11	29000001	30000000	0.143657
chr11	30000001	31000000	0.177587
chr11	31000001	32000000	0.277519
chr11	32000001	33000000	0.250782
chr11	33000001	34000000	0.155039
chr11	34000001	35000000	0.133679
chr11	35000001	36000000	0.074762
chr11	36000001	37000000	0.068144
chr11	37000001	38000000	0.060596
chr11	38000001	39000000	0.088105
chr11	39000001	40000000	0.101985
chr11	40000001	41000000	0.157476
chr11	41000001	42000000	0.123494
chr11	42000001	43000000	0.084701
chr11	43000001	44000000	0.164880
chr11	44000001	45000000	0.169508
chr11	45000001	46000000	0.107409
chr11	46000001	47000000	0.091580
chr11	47000001	48000000	0.102356
chr11	48000001	49000000	0.090632
chr11	49000001	50000000	0.132983
chr11	50000001	51000000	0.103087
chr11	51000001	52000000	0.058985
chr11	52000001	53000000	0.149822
chr11	53000001	54000000	0.081166
chr11	54000001	55000000	0.076431
chr11	55000001	56000000	0.204373
chr11	56000001	57000000	0.100396
chr11	57000001	58000000	0.115658
chr11	58000001	59000000	0.150418
chr11	59000001	60000000	0.097521
chr11	60000001	61000000	0.132495
chr11	61000001	62000000	0.080967
chr11	62000001	63000000	0.089293
chr11	63000001	64000000	0.071136
chr11	64000001	65000000	0.137272
chr11	65000001	66000000	0.072635
chr11	66000001	67000000	0.108435
chr11	67000001	68000000	0.120314
chr11	68000001	69000000	0.130245
chr11	69000001	70000000	0.114046
chr11	70000001	71000000	0.092511
chr11	71000001	72000000	0.094581
chr11	72000001	73000000	0.088450
chr11	73000001	74000000	0.100105
chr11	74000001	75000000	0.116684
chr11	75000001	76000000	0.161984
chr11	76000001	77000000	0.156718
chr11	77000001	78000000	0.091875
chr11	78000001	79000000	0.124573
chr11	79000001	80000000	0.259327
chr11	80000001	81000000	0.119323
chr11	81000001	82000000	0.134515
chr11	82000001	83000000	0.105712
chr11	83000001	84000000	0.108712
chr11	84000001	85000000	0.099799
chr11	85000001	86000000	0.121655
chr11	86000001	87000000	0.142660
chr11	87000001	88000000	0.201169
chr11	88000001	89000000	0.176721
chr11	89000001	89337516	0.057467
chr12	1	1000000	0.106537
chr12	1000001	2000000	0.055862
chr12	2000001	3000000	0.070090
chr12	3000001	4000000	0.159219
chr12	4000001	5000000	0.092144
chr12	5000001	6000000	0.076809
chr12	6000001	7000000	0.094873
chr12	7000001	8000000	0.060347
chr12	8000001	9000000	0.086684
chr12	9000001	10000000	0.124679
chr12	10000001	11000000	0.084533
chr12	11000001	12000000	0.075767
chr12	12000001	13000000	0.088805
chr12	13000001	14000000	0.099587
chr12	14000001	15000000	0.077624
chr12	15000001	16000000	0.156089
chr12	16000001	17000000	0.095169
chr12	17000001	18000000	0.093334
chr12	18000001	19000000	0.090327
chr12	19000001	20000000	0.090688
chr12	20000001	21000000	0.074300
chr12	21000001	22000000	0.128630
chr12	22000001	23000000	0.082730
chr12	23000001	24000000	0.095809
chr12	24000001	25000000	0.096463
chr12	25000001	26000000	0.083451
chr12	26000001	27000000	0.104987
chr12	27000001	28000000	0.070050
chr12	28000001	29000000	0.109723
chr12	29000001	30000000	0.067006
chr12	30000001	31000000	0.084044
chr12	31000001	32000000	0.096772
chr12	32000001	33000000	0.094305
chr12	33000001	34000000	0.106981
chr12	34000001	35000000	0.071835
chr12	35000001	36000000	0.063113
chr12	36000001	37000000	0.133929
chr12	37000001	38000000	0.074594
chr12	38000001	39000000	0.080994
chr12	39000001	40000000	0.078114
chr12	40000001	41000000	0.080858
chr12	41000001	42000000	0.113549
chr12	42000001	43000000	0.074166
chr12	43000001	44000000	0.076728
chr12	44000001	45000000	0.080926
chr12	45000001	46000000	0.127862
chr12	46000001	47000000	0.099082
chr12	47000001	48000000	0.189905
chr12	48000001	49000000	0.072095
chr12	49000001	50000000	0.099204
chr12	50000001	51000000	0.074245
chr12	51000001	52000000	0.074519
chr12	52000001	53000000	0.075028
chr12	53000001	54000000	0.094367
chr12	54000001	55000000	0.076267
chr12	55000001	56000000	0.062974
chr12	56000001	57000000	0.067183
chr12	57000001	58000000	0.114858
chr12	58000001	59000000	0.115229
chr12	59000001	60000000	0.168416
chr12	60000001	61000000	0.284005
chr12	61000001	62000000	0.174708
chr12	62000001	63000000	0.102210
chr12	63000001	64000000	0.112705
chr12	64000001	65000000	0.064647
chr12	65000001	66000000	0.079863
chr12	66000001	67000000	0.072675
chr12	67000001	68000000	0.074682
chr12	68000001	69000000	0.088503
chr12	69000001	70000000	0.139963
chr12	70000001	71000000	0.145515
chr12	71000001	72000000	0.097227
chr12	72000001	73000000	0.062114
chr12	73000001	74000000	0.109692
chr12	74000001	75000000	0.136463
chr12	75000001	76000000	0.122503
chr12	76000001	77000000	0.081426
chr12	77000001	78000000	0.112417
chr12	78000001	79000000	0.067187
chr12	79000001	80000000	0.115896
chr12	80000001	81000000	0.083361
chr12	81000001	81885254	0.205643
chr13	1	1000000	0.061468
chr13	1000001	2000000	0.085446
chr13	2000001	3000000	0.084286
chr13	3000001	4000000	0.097120
chr13	4000001	5000000	0.081521
chr13	5000001	6000000	0.137326
chr13	6000001	7000000	0.136153
chr13	7000001	8000000	0.085736
chr13	8000001	9000000	0.076259
chr13	9000001	10000000	0.098428
chr13	10000001	11000000	0.077498
chr13	11000001	12000000	0.088219
chr13	12000001	13000000	0.085359
chr13	13000001	14000000	0.096834
chr13	14000001	15000000	0.091317
chr13	15000001	16000000	0.086262
chr13	16000001	17000000	0.112053
chr13	17000001	18000000	0.070865
chr13	18000001	19000000	0.097898
chr13	19000001	20000000	0.074684
chr13	20000001	21000000	0.130924
chr13	21000001	22000000	0.108214
chr13	22000001	23000000	0.089549
chr13	23000001	24000000	0.120175
chr13	24000001	25000000	0.090753
chr13	25000001	26000000	0.118595
chr13	26000001	27000000	0.096120
chr13	27000001	28000000	0.099801
chr13	28000001	29000000	0.063390
chr13	29000001	30000000	0.082149
chr13	30000001	31000000	0.068693
chr13	31000001	32000000	0.143831
chr13	32000001	33000000	0.091256
chr13	33000001	34000000	0.054622
chr13	34000001	35000000	0.075528
chr13	35000001	36000000	0.111851
chr13	36000001	37000000	0.105302
chr13	37000001	38000000	0.105764
chr13	38000001	39000000	0.104804
chr13	39000001	40000000	0.109499
chr13	40000001	41000000	0.066832
chr13	41000001	42000000	0.180524
chr13	42000001	43000000	0.138447
chr13	43000001	44000000	0.136846
chr13	44000001	45000000	0.125852
chr13	45000001	46000000	0.182642
chr13	46000001	47000000	0.307662
chr13	47000001	48000000	0.242185
chr13	48000001	49000000	0.129290
chr13	49000001	50000000	0.135703
chr13	50000001	51000000	0.130119
chr13	51000001	52000000	0.081968
chr13	52000001	53000000	0.084606
chr13	53000001	54000000	0.090218
chr13	54000001	55000000	0.096261
chr13	55000001	56000000	0.103923
chr13	56000001	57000000	0.130727
chr13	57000001	58000000	0.051703
chr13	58000001	59000000	0.070066
chr13	59000001	60000000	0.071183
chr13	60000001	61000000	0.099211
chr13	61000001	62000000	0.070906
chr13	62000001	63000000	0.087384
chr13	63000001	64000000	0.039464
chr13	64000001	65000000	0.115577
chr13	65000001	66000000	0.130102
chr13	66000001	67000000	0.098576
chr13	67000001	68000000	0.124754
chr13	68000001	69000000	0.090453
chr13	69000001	70000000	0.080952
chr13	70000001	71000000	0.101745
chr13	71000001	72000000	0.083641
chr13	72000001	73000000	0.072367
chr13	73000001	74000000	0.084748
chr13	74000001	74588556	0.103773
chr14	1	1000000	0.169128
chr14	1000001	2000000	0.198875
chr14	2000001	3000000	0.081529
chr14	3000001	4000000	0.105418
chr14	4000001	5000000	0.094899
chr14	5000001	6000000	0.106442
chr14	6000001	7000000	0.053811
chr14	7000001	8000000	0.074257
chr14	8000001	9000000	0.058305
chr14	9000001	10000000	0.079731
chr14	10000001	11000000	0.071366
chr14	11000001	12000000	0.084745
chr14	12000001	13000000	0.087683
chr14	13000001	14000000	0.132158
chr14	14000001	15000000	0.086289
chr14	15000001	16000000	0.120917
chr14	16000001	17000000	0.101462
chr14	17000001	18000000	0.108403
chr14	18000001	19000000	0.095434
chr14	19000001	20000000	0.067852
chr14	20000001	21000000	0.107542
chr14	21000001	22000000	0.106682
chr14	22000001	23000000	0.084384
chr14	23000001	24000000	0.121964
chr14	24000001	25000000	0.084620
chr14	25000001	26000000	0.066115
chr14	26000001	27000000	0.056597
chr14	27000001	28000000	0.134786
chr14	28000001	29000000	0.112512
chr14	29000001	30000000	0.206317
chr14	30000001	31000000	0.230731
chr14	31000001	32000000	0.232276
chr14	32000001	33000000	0.186862
chr14	33000001	34000000	0.163701
chr14	34000001	35000000	0.195442
chr14	35000001	36000000	0.056713
chr14	36000001	37000000	0.075756
chr14	37000001	38000000	0.062890
chr14	38000001	39000000	0.091046
chr14	39000001	40000000	0.083313
chr14	40000001	41000000	0.105457
chr14	41000001	42000000	0.106478
chr14	42000001	43000000	0.090032
chr14	43000001	44000000	0.110754
chr14	44000001	45000000	0.204122
chr14	45000001	46000000	0.164357
chr14	46000001	47000000	0.114711
chr14	47000001	48000000	0.065943
chr14	48000001	49000000	0.079251
chr14	49000001	50000000	0.071724
chr14	50000001	51000000	0.072459
chr14	51000001	52000000	0.075848
chr14	52000001	53000000	0.109584
chr14	53000001	54000000	0.076853
chr14	54000001	55000000	0.094903
chr14	55000001	56000000	0.073870
chr14	56000001	57000000	0.081589
chr14	57000001	58000000	0.089164
chr14	58000001	59000000	0.061563
chr14	59000001	60000000	0.099783
chr14	60000001	61000000	0.068648
chr14	61000001	62000000	0.097131
chr14	62000001	63000000	0.062979
chr14	63000001	64000000	0.088234
chr14	64000001	65000000	0.084505
chr14	65000001	66000000	0.171823
chr14	66000001	67000000	0.094811
chr14	67000001	68000000	0.170081
chr14	68000001	69000000	0.058314
chr14	69000001	70000000	0.091133
chr14	70000001	71000000	0.087849
chr14	71000001	72000000	0.110470
chr14	72000001	73000000	0.093137
chr14	73000001	74000000	0.062850
chr14	74000001	75000000	0.095405
chr14	75000001	76000000	0.115822
chr14	76000001	77000000	0.188269
chr14	77000001	78000000	0.104785
chr14	78000001	79000000	0.148277
chr14	79000001	80000000	0.088216
chr14	80000001	81000000	0.084696
chr14	81000001	82000000	0.117119
chr14	82000001	83000000	0.063054
chr14	83000001	84000000	0.069364
chr14	84000001	85000000	0.115602
chr14	85000001	86000000	0.210309
chr14	86000001	87000000	0.083505
chr14	87000001	87868007	0.105218
chr15	1	1000000	0.106326
chr15	1000001	2000000	0.111749
chr15	2000001	3000000	0.093445
chr15	3000001	4000000	0.091729
chr15	4000001	5000000	0.088844
chr15	5000001	6000000	0.074844
chr15	6000001	7000000	0.044400
chr15	7000001	8000000	0.112327
chr15	8000001	9000000	0.078272
chr15	9000001	10000000	0.090903
chr15	10000001	11000000	0.093866
chr15	11000001	12000000	0.097012
chr15	12000001	13000000	0.057707
chr15	13000001	14000000	0.090921
chr15	14000001	15000000	0.078412
chr15	15000001	16000000	0.091937
chr15	16000001	17000000	0.077828
chr15	17000001	18000000	0.120806
chr15	18000001	19000000	0.070408
chr15	19000001	20000000	0.124332
chr15	20000001	21000000	0.174645
chr15	21000001	22000000	0.212191
chr15	22000001	23000000	0.135141
chr15	23000001	24000000	0.130714
chr15	24000001	25000000	0.081347
chr15	25000001	26000000	0.077150
chr15	26000001	27000000	0.069109
chr15	27000001	28000000	0.063341
chr15	28000001	29000000	0.073997
chr15	29000001	30000000	0.104786
chr15	30000001	31000000	0.100549
chr15	31000001	32000000	0.100629
chr15	32000001	33000000	0.063529
chr15	33000001	34000000	0.092832
chr15	34000001	35000000	0.131466
chr15	35000001	36000000	0.066942
chr15	36000001	37000000	0.077265
chr15	37000001	38000000	0.072819
chr15	38000001	39000000	0.179966
chr15	39000001	40000000	0.093830
chr15	40000001	41000000	0.062287
chr15	41000001	42000000	0.062306
chr15	42000001	43000000	0.045369
chr15	43000001	44000000	0.091786
chr15	44000001	45000000	0.078246
chr15	45000001	46000000	0.076565
chr15	46000001	47000000	0.083746
chr15	47000001	48000000	0.058512
chr15	48000001	49000000	0.102483
chr15	49000001	50000000	0.087967
chr15	50000001	51000000	0.086075
chr15	51000001	52000000	0.080083
chr15	52000001	53000000	0.090018
chr15	53000001	54000000	0.069834
chr15	54000001	55000000	0.083116
chr15	55000001	56000000	0.128081
chr15	56000001	57000000	0.088593
chr15	57000001	58000000	0.101613
chr15	58000001	59000000	0.095908
chr15	59000001	60000000	0.088154
chr15	60000001	61000000	0.081473
chr15	61000001	62000000	0.128990
chr15	62000001	63000000	0.131289
chr15	63000001	64000000	0.081379
chr15	64000001	65000000	0.067960
chr15	65000001	66000000	0.066239
chr15	66000001	67000000	0.090184
chr15	67000001	68000000	0.075722
chr15	68000001	69000000	0.168268
chr15	69000001	70000000	0.093671
chr15	70000001	71000000	0.154561
chr15	71000001	71825820	0.093612
chr16	1	1000000	0.157657
chr16	1000001	2000000	0.085799
chr16	2000001	3000000	0.125371
chr16	3000001	4000000	0.075193
chr16	4000001	5000000	0.129977
chr16	5000001	6000000	0.084229
chr16	6000001	7000000	0.080936
chr16	7000001	8000000	0.085300
chr16	8000001	9000000	0.075900
chr16	9000001	10000000	0.067094
chr16	10000001	11000000	0.087809
chr16	11000001	12000000	0.078166
chr16	12000001	13000000	0.060609
chr16	13000001	14000000	0.110548
chr16	14000001	15000000	0.099973
chr16	15000001	16000000	0.182806
chr16	16000001	17000000	0.097291
chr16	17000001	18000000	0.075087
chr16	18000001	19000000	0.118250
chr16	19000001	20000000	0.100862
chr16	20000001	21000000	0.049890
chr16	21000001	22000000	0.097234
chr16	22000001	23000000	0.053858
chr16	23000001	24000000	0.071440
chr16	24000001	25000000	0.117035
chr16	25000001	26000000	0.064994
chr16	26000001	27000000	0.088916
chr16	27000001	28000000	0.098873
chr16	28000001	29000000	0.092390
chr16	29000001	30000000	0.066875
chr16	30000001	31000000	0.172320
chr16	31000001	32000000	0.165835
chr16	32000001	33000000	0.122911
chr16	33000001	34000000	0.086806
chr16	34000001	35000000	0.081756
chr16	35000001	36000000	0.073672
chr16	36000001	37000000	0.099155
chr16	37000001	38000000	0.062988
chr16	38000001	39000000	0.092759
chr16	39000001	40000000	0.121745
chr16	40000001	41000000	0.076886
chr16	41000001	42000000	0.073233
chr16	42000001	43000000	0.165133
chr16	43000001	44000000	0.233371
chr16	44000001	45000000	0.101555
chr16	45000001	46000000	0.097464
chr16	46000001	47000000	0.072714
chr16	47000001	48000000	0.099102
chr16	48000001	49000000	0.107624
chr16	49000001	50000000	0.063933
chr16	50000001	51000000	0.116224
chr16	51000001	52000000	0.142935
chr16	52000001	53000000	0.113852
chr16	53000001	54000000	0.068459
chr16	54000001	55000000	0.063041
chr16	55000001	56000000	0.168285
chr16	56000001	57000000	0.081641
chr16	57000001	58000000	0.073834
chr16	58000001	59000000	0.071582
chr16	59000001	60000000	0.139435
chr16	60000001	61000000	0.089370
chr16	61000001	62000000	0.134899
chr16	62000001	63000000	0.086166
chr16	63000001	64000000	0.233487
chr16	64000001	65000000	0.198931
chr16	65000001	66000000	0.215729
chr16	66000001	67000000	0.270832
chr16	67000001	68000000	0.237271
chr16	68000001	69000000	0.283828
chr16	69000001	70000000	0.227261
chr16	70000001	71000000	0.095837
chr16	71000001	72000000	0.122802
chr16	72000001	73000000	0.067598
chr16	73000001	74000000	0.082298
chr16	74000001	75000000	0.092393
chr16	75000001	76000000	0.100921
chr16	76000001	77000000	0.104180
chr16	77000001	78000000	0.073895
chr16	78000001	79000000	0.060657
chr16	79000001	80000000	0.077876
chr16	80000001	81000000	0.093274
chr16	81000001	82000000	0.112632
chr16	82000001	83000000	0.070285
chr16	83000001	84000000	0.102608
chr16	84000001	85000000	0.106156
chr16	85000001	86000000	0.064557
chr16	86000001	87000000	0.100296
chr16	87000001	88000000	0.066599
chr16	88000001	89000000	0.133842
chr16	89000001	89231009	0.044929
chr17	1	1000000	0.071398
chr17	1000001	2000000	0.116393
chr17	2000001	3000000	0.095054
chr17	3000001	4000000	0.135749
chr17	4000001	5000000	0.112120
chr17	5000001	6000000	0.083531
chr17	6000001	7000000	0.090573
chr17	7000001	8000000	0.101247
chr17	8000001	9000000	0.072669
chr17	9000001	10000000	0.080302
chr17	10000001	11000000	0.117710
chr17	11000001	12000000	0.173227
chr17	12000001	13000000	0.146665
chr17	13000001	14000000	0.153941
chr17	14000001	15000000	0.161434
chr17	15000001	16000000	0.150388
chr17	16000001	17000000	0.202825
chr17	17000001	18000000	0.141438
chr17	18000001	19000000	0.089468
chr17	19000001	20000000	0.073619
chr17	20000001	21000000	0.064168
chr17	21000001	22000000	0.137967
chr17	22000001	23000000	0.085995
chr17	23000001	24000000	0.129383
chr17	24000001	25000000	0.086140
chr17	25000001	26000000	0.078872
chr17	26000001	27000000	0.108026
chr17	27000001	28000000	0.167343
chr17	28000001	29000000	0.083140
chr17	29000001	30000000	0.105821
chr17	30000001	31000000	0.070383
chr17	31000001	32000000	0.117358
chr17	32000001	33000000	0.068678
chr17	33000001	34000000	0.089454
chr17	34000001	35000000	0.078253
chr17	35000001	36000000	0.122986
chr17	36000001	37000000	0.139663
chr17	37000001	38000000	0.146356
chr17	38000001	39000000	0.101773
chr17	39000001	40000000	0.142304
chr17	40000001	41000000	0.076278
chr17	41000001	42000000	0.091143
chr17	42000001	43000000	0.119528
chr17	43000001	44000000	0.139686
chr17	44000001	45000000	0.197650
chr17	45000001	46000000	0.145602
chr17	46000001	47000000	0.183593
chr17	47000001	48000000	0.103509
chr17	48000001	49000000	0.132644
chr17	49000001	50000000	0.091589
chr17	50000001	51000000	0.097150
chr17	51000001	52000000	0.102115
chr17	52000001	53000000	0.126629
chr17	53000001	54000000	0.141650
chr17	54000001	55000000	0.104912
chr17	55000001	56000000	0.087253
chr17	56000001	57000000	0.156865
chr17	57000001	58000000	0.100111
chr17	58000001	59000000	0.081431
chr17	59000001	60000000	0.137059
chr17	60000001	61000000	0.125318
chr17	61000001	61724274	0.131746
chr18	1	1000000	0.104519
chr18	1000001	2000000	0.100738
chr18	2000001	3000000	0.124314
chr18	3000001	4000000	0.074621
chr18	4000001	5000000	0.138122
chr18	5000001	6000000	0.092712
chr18	6000001	7000000	0.061286
chr18	7000001	8000000	0.127232
chr18	8000001	9000000	0.070267
chr18	9000001	10000000	0.188493
chr18	10000001	11000000	0.108208
chr18	11000001	12000000	0.074226
chr18	12000001	13000000	0.079414
chr18	13000001	14000000	0.065865
chr18	14000001	15000000	0.098815
chr18	15000001	16000000	0.100105
chr18	16000001	17000000	0.119141
chr18	17000001	18000000	0.129129
chr18	18000001	19000000	0.176185
chr18	19000001	20000000	0.126221
chr18	20000001	21000000	0.087526
chr18	21000001	22000000	0.088974
chr18	22000001	23000000	0.106053
chr18	23000001	24000000	0.086147
chr18	24000001	25000000	0.122944
chr18	25000001	26000000	0.055197
chr18	26000001	27000000	0.122263
chr18	27000001	28000000	0.154726
chr18	28000001	29000000	0.190972
chr18	29000001	30000000	0.167697
chr18	30000001	31000000	0.137716
chr18	31000001	32000000	0.137330
chr18	32000001	33000000	0.123346
chr18	33000001	34000000	0.094364
chr18	34000001	35000000	0.072827
chr18	35000001	36000000	0.065924
chr18	36000001	37000000	0.092321
chr18	37000001	38000000	0.102772
chr18	38000001	39000000	0.096536
chr18	39000001	40000000	0.096217
chr18	40000001	41000000	0.122886
chr18	41000001	42000000	0.118087
chr18	42000001	43000000	0.089388
chr18	43000001	44000000	0.093811
chr18	44000001	45000000	0.106479
chr18	45000001	46000000	0.105859
chr18	46000001	47000000	0.231047
chr18	47000001	48000000	0.118096
chr18	48000001	49000000	0.054507
chr18	49000001	50000000	0.100534
chr18	50000001	51000000	0.070184
chr18	51000001	52000000	0.071482
chr18	52000001	53000000	0.104227
chr18	53000001	54000000	0.096863
chr18	54000001	55000000	0.080760
chr18	55000001	56000000	0.158291
chr18	56000001	57000000	0.079173
chr18	57000001	58000000	0.111654
chr18	58000001	59000000	0.094925
chr18	59000001	60000000	0.119088
chr18	60000001	61000000	0.071453
chr18	61000001	62000000	0.075536
chr18	62000001	63000000	0.129593
chr18	63000001	64000000	0.069385
chr18	64000001	65000000	0.111055
chr18	65000001	66000000	0.097277
chr18	66000001	67000000	0.128210
chr18	67000001	68000000	0.115707
chr18	68000001	69000000	0.134562
chr18	69000001	70000000	0.153791
chr18	70000001	70111946	0.044343
chr2	1	1000000	0.161562
chr2	1000001	2000000	0.181759
chr2	2000001	3000000	0.172079
chr2	3000001	4000000	0.145326
chr2	4000001	5000000	0.065503
chr2	5000001	6000000	0.098351
chr2	6000001	7000000	0.090352
chr2	7000001	8000000	0.121839
chr2	8000001	9000000	0.303493
chr2	9000001	10000000	0.124384
chr2	10000001	11000000	0.180056
chr2	11000001	12000000	0.140097
chr2	12000001	13000000	0.100852
chr2	13000001	14000000	0.128283
chr2	14000001	15000000	0.194519
chr2	15000001	16000000	0.171599
chr2	16000001	17000000	0.092956
chr2	17000001	18000000	0.209826
chr2	18000001	19000000	0.217959
chr2	19000001	20000000	0.131207
chr2	20000001	21000000	0.115345
chr2	21000001	22000000	0.115412
chr2	22000001	23000000	0.141812
chr2	23000001	24000000	0.134225
chr2	24000001	25000000	0.088973
chr2	25000001	26000000	0.097631
chr2	26000001	27000000	0.108841
chr2	27000001	28000000	0.122375
chr2	28000001	29000000	0.112565
chr2	29000001	30000000	0.150948
chr2	30000001	31000000	0.135078
chr2	31000001	32000000	0.170173
chr2	32000001	33000000	0.126665
chr2	33000001	34000000	0.155549
chr2	34000001	35000000	0.157529
chr2	35000001	36000000	0.099851
chr2	36000001	37000000	0.086334
chr2	37000001	38000000	0.154661
chr2	38000001	39000000	0.131504
chr2	39000001	40000000	0.108743
chr2	40000001	41000000	0.180000
chr2	41000001	42000000	0.154252
chr2	42000001	43000000	0.113600
chr2	43000001	44000000	0.100975
chr2	44000001	45000000	0.215296
chr2	45000001	46000000	0.131452
chr2	46000001	47000000	0.105277
chr2	47000001	48000000	0.101417
chr2	48000001	49000000	0.328251
chr2	49000001	50000000	0.129237
chr2	50000001	51000000	0.118949
chr2	51000001	52000000	0.098646
chr2	52000001	53000000	0.107550
chr2	53000001	54000000	0.129185
chr2	54000001	55000000	0.146764
chr2	55000001	56000000	0.109601
chr2	56000001	57000000	0.090766
chr2	57000001	58000000	0.194491
chr2	58000001	59000000	0.112397
chr2	59000001	60000000	0.113049
chr2	60000001	61000000	0.091378
chr2	61000001	61727229	0.064249
chr3	1	1000000	0.127125
chr3	1000001	2000000	0.157509
chr3	2000001	3000000	0.134534
chr3	3000001	4000000	0.075788
chr3	4000001	5000000	0.080973
chr3	5000001	6000000	0.103880
chr3	6000001	7000000	0.085843
chr3	7000001	8000000	0.122743
chr3	8000001	9000000	0.094781
chr3	9000001	10000000	0.087564
chr3	10000001	11000000	0.080803
chr3	11000001	12000000	0.086506
chr3	12000001	13000000	0.111731
chr3	13000001	14000000	0.080350
chr3	14000001	15000000	0.089736
chr3	15000001	16000000	0.118765
chr3	16000001	17000000	0.086317
chr3	17000001	18000000	0.140293
chr3	18000001	19000000	0.075619
chr3	19000001	20000000	0.062993
chr3	20000001	21000000	0.117991
chr3	21000001	22000000	0.154700
chr3	22000001	23000000	0.186223
chr3	23000001	24000000	0.208310
chr3	24000001	25000000	0.277145
chr3	25000001	26000000	0.167823
chr3	26000001	27000000	0.231356
chr3	27000001	28000000	0.179849
chr3	28000001	29000000	0.147738
chr3	29000001	30000000	0.140012
chr3	30000001	31000000	0.130621
chr3	31000001	32000000	0.072412
chr3	32000001	33000000	0.071865
chr3	33000001	34000000	0.072374
chr3	34000001	35000000	0.084752
chr3	35000001	36000000	0.102829
chr3	36000001	37000000	0.102857
chr3	37000001	38000000	0.069541
chr3	38000001	39000000	0.058524
chr3	39000001	40000000	0.071826
chr3	40000001	41000000	0.085688
chr3	41000001	42000000	0.098714
chr3	42000001	43000000	0.101182
chr3	43000001	44000000	0.076189
chr3	44000001	45000000	0.084746
chr3	45000001	46000000	0.095206
chr3	46000001	47000000	0.264001
chr3	47000001	48000000	0.128094
chr3	48000001	49000000	0.087214
chr3	49000001	50000000	0.088943
chr3	50000001	51000000	0.139888
chr3	51000001	52000000	0.082688
chr3	52000001	53000000	0.107447
chr3	53000001	54000000	0.097067
chr3	54000001	55000000	0.127123
chr3	55000001	56000000	0.136959
chr3	56000001	57000000	0.065715
chr3	57000001	58000000	0.066169
chr3	58000001	59000000	0.078671
chr3	59000001	60000000	0.109342
chr3	60000001	61000000	0.163764
chr3	61000001	62000000	0.084013
chr3	62000001	63000000	0.081933
chr3	63000001	64000000	0.082476
chr3	64000001	65000000	0.086288
chr3	65000001	66000000	0.142197
chr3	66000001	67000000	0.079023
chr3	67000001	68000000	0.083528
chr3	68000001	69000000	0.125675
chr3	69000001	70000000	0.083715
chr3	70000001	71000000	0.098765
chr3	71000001	72000000	0.119230
chr3	72000001	73000000	0.073361
chr3	73000001	74000000	0.075555
chr3	74000001	75000000	0.077013
chr3	75000001	76000000	0.096946
chr3	76000001	77000000	0.098591
chr3	77000001	78000000	0.093896
chr3	78000001	79000000	0.113030
chr3	79000001	80000000	0.089164
chr3	80000001	81000000	0.065189
chr3	81000001	82000000	0.072137
chr3	82000001	83000000	0.140413
chr3	83000001	84000000	0.121926
chr3	84000001	85000000	0.134104
chr3	85000001	86000000	0.089563
chr3	86000001	86823602	0.098121
chr4	1	1000000	0.111105
chr4	1000001	2000000	0.108166
chr4	2000001	3000000	0.132960
chr4	3000001	4000000	0.137215
chr4	4000001	5000000	0.124975
chr4	5000001	6000000	0.110889
chr4	6000001	7000000	0.104563
chr4	7000001	8000000	0.066356
chr4	8000001	9000000	0.082398
chr4	9000001	10000000	0.089134
chr4	10000001	11000000	0.094101
chr4	11000001	12000000	0.061227
chr4	12000001	13000000	0.058959
chr4	13000001	14000000	0.098081
chr4	14000001	15000000	0.156003
chr4	15000001	16000000	0.121312
chr4	16000001	17000000	0.109609
chr4	17000001	18000000	0.088606
chr4	18000001	19000000	0.117526
chr4	19000001	20000000	0.068634
chr4	20000001	21000000	0.167656
chr4	21000001	22000000	0.131094
chr4	22000001	23000000	0.131739
chr4	23000001	24000000	0.074966
chr4	24000001	25000000	0.085603
chr4	25000001	26000000	0.121525
chr4	26000001	27000000	0.090016
chr4	27000001	28000000	0.104040
chr4	28000001	29000000	0.084996
chr4	29000001	30000000	0.151639
chr4	30000001	31000000	0.076909
chr4	31000001	32000000	0.085365
chr4	32000001	33000000	0.114123
chr4	33000001	34000000	0.095648
chr4	34000001	35000000	0.106349
chr4	35000001	36000000	0.132853
chr4	36000001	37000000	0.133544
chr4	37000001	38000000	0.097323
chr4	38000001	39000000	0.121978
chr4	39000001	40000000	0.083058
chr4	40000001	41000000	0.046999
chr4	41000001	42000000	0.127454
chr4	42000001	43000000	0.080916
chr4	43000001	44000000	0.083635
chr4	44000001	45000000	0.120141
chr4	45000001	46000000	0.095076
chr4	46000001	47000000	0.101624
chr4	47000001	48000000	0.076522
chr4	48000001	49000000	0.083185
chr4	49000001	50000000	0.130374
chr4	50000001	51000000	0.137634
chr4	51000001	52000000	0.120136
chr4	52000001	53000000	0.080908
chr4	53000001	54000000	0.105321
chr4	54000001	55000000	0.087834
chr4	55000001	56000000	0.119944
chr4	56000001	57000000	0.115932
chr4	57000001	58000000	0.091289
chr4	58000001	59000000	0.126776
chr4	59000001	60000000	0.106618
chr4	60000001	61000000	0.126158
chr4	61000001	62000000	0.188104
chr4	62000001	62554782	0.069824
chr5	1	1000000	0.078980
chr5	1000001	2000000	0.124069
chr5	2000001	3000000	0.141602
chr5	3000001	4000000	0.166572
chr5	4000001	5000000	0.153012
chr5	5000001	6000000	0.095775
chr5	6000001	7000000	0.101388
chr5	7000001	8000000	0.142502
chr5	8000001	9000000	0.129151
chr5	9000001	10000000	0.080347
chr5	10000001	11000000	0.107467
chr5	11000001	12000000	0.119642
chr5	12000001	13000000	0.089890
chr5	13000001	14000000	0.120842
chr5	14000001	15000000	0.093251
chr5	15000001	16000000	0.131915
chr5	16000001	17000000	0.081685
chr5	17000001	18000000	0.075616
chr5	18000001	19000000	0.085300
chr5	19000001	20000000	0.128229
chr5	20000001	21000000	0.078623
chr5	21000001	22000000	0.090586
chr5	22000001	23000000	0.106555
chr5	23000001	24000000	0.071361
chr5	24000001	25000000	0.115999
chr5	25000001	26000000	0.078188
chr5	26000001	27000000	0.078945
chr5	27000001	28000000	0.191491
chr5	28000001	29000000	0.074059
chr5	29000001	30000000	0.059650
chr5	30000001	31000000	0.103767
chr5	31000001	32000000	0.073488
chr5	32000001	33000000	0.166081
chr5	33000001	34000000	0.130668
chr5	34000001	35000000	0.068739
chr5	35000001	36000000	0.097033
chr5	36000001	37000000	0.060711
chr5	37000001	38000000	0.097407
chr5	38000001	39000000	0.069379
chr5	39000001	40000000	0.081645
chr5	40000001	41000000	0.114951
chr5	41000001	42000000	0.111521
chr5	42000001	43000000	0.095839
chr5	43000001	44000000	0.126003
chr5	44000001	45000000	0.112998
chr5	45000001	46000000	0.133753
chr5	46000001	47000000	0.135162
chr5	47000001	48000000	0.175176
chr5	48000001	49000000	0.194198
chr5	49000001	50000000	0.249228
chr5	50000001	51000000	0.244705
chr5	51000001	52000000	0.140090
chr5	52000001	53000000	0.167629
chr5	53000001	54000000	0.141088
chr5	54000001	55000000	0.105279
chr5	55000001	56000000	0.165189
chr5	56000001	57000000	0.143744
chr5	57000001	58000000	0.130315
chr5	58000001	59000000	0.068157
chr5	59000001	60000000	0.093748
chr5	60000001	61000000	0.094834
chr5	61000001	62000000	0.061259
chr5	62000001	63000000	0.102092
chr5	63000001	64000000	0.070813
chr5	64000001	65000000	0.084057
chr5	65000001	66000000	0.082054
chr5	66000001	67000000	0.108851
chr5	67000001	68000000	0.079700
chr5	68000001	69000000	0.124826
chr5	69000001	70000000	0.131151
chr5	70000001	71000000	0.076739
chr5	71000001	72000000	0.078757
chr5	72000001	73000000	0.085786
chr5	73000001	74000000	0.102135
chr5	74000001	75000000	0.128592
chr5	75000001	76000000	0.087100
chr5	76000001	77000000	0.122985
chr5	77000001	78000000	0.105234
chr5	78000001	79000000	0.086750
chr5	79000001	80000000	0.089494
chr5	80000001	81000000	0.068695
chr5	81000001	82000000	0.080216
chr5	82000001	83000000	0.074109
chr5	83000001	84000000	0.093512
chr5	84000001	85000000	0.102999
chr5	85000001	85936795	0.080652
chr6	1	1000000	0.196411
chr6	1000001	2000000	0.124645
chr6	2000001	3000000	0.151399
chr6	3000001	4000000	0.126808
chr6	4000001	5000000	0.158980
chr6	5000001	6000000	0.144483
chr6	6000001	7000000	0.072350
chr6	7000001	8000000	0.118419
chr6	8000001	9000000	0.168173
chr6	9000001	10000000	0.175881
chr6	10000001	11000000	0.200884
chr6	11000001	12000000	0.117680
chr6	12000001	13000000	0.119675
chr6	13000001	14000000	0.067603
chr6	14000001	15000000	0.082080
chr6	15000001	16000000	0.089622
chr6	16000001	17000000	0.167183
chr6	17000001	18000000	0.185700
chr6	18000001	19000000	0.093556
chr6	19000001	20000000	0.150403
chr6	20000001	21000000	0.105256
chr6	21000001	22000000	0.181898
chr6	22000001	23000000	0.287155
chr6	23000001	24000000	0.168765
chr6	24000001	25000000	0.188168
chr6	25000001	26000000	0.158017
chr6	26000001	27000000	0.162776
chr6	27000001	28000000	0.138281
chr6	28000001	29000000	0.115207
chr6	29000001	30000000	0.117070
chr6	30000001	31000000	0.195295
chr6	31000001	32000000	0.232624
chr6	32000001	33000000	0.257560
chr6	33000001	34000000	0.197814
chr6	34000001	35000000	0.267498
chr6	35000001	36000000	0.179431
chr6	36000001	37000000	0.110385
chr6	37000001	38000000	0.177674
chr6	38000001	39000000	0.121026
chr6	39000001	40000000	0.153233
chr6	40000001	41000000	0.108810
chr6	41000001	42000000	0.383228
chr6	42000001	43000000	0.176509
chr6	43000001	44000000	0.092008
chr6	44000001	45000000	0.076216
chr6	45000001	46000000	0.086048
chr6	46000001	47000000	0.117918
chr6	47000001	48000000	0.140465
chr6	48000001	49000000	0.116834
chr6	49000001	50000000	0.162033
chr6	50000001	51000000	0.065303
chr6	51000001	52000000	0.093544
chr6	52000001	53000000	0.157079
chr6	53000001	54000000	0.089209
chr6	54000001	55000000	0.068700
chr6	55000001	56000000	0.222765
chr6	56000001	57000000	0.125459
chr6	57000001	58000000	0.113465
chr6	58000001	59000000	0.070579
chr6	59000001	60000000	0.080802
chr6	60000001	61000000	0.081781
chr6	61000001	62000000	0.149589
chr6	62000001	63000000	0.124068
chr6	63000001	64000000	0.083969
chr6	64000001	65000000	0.086478
chr6	65000001	66000000	0.069177
chr6	66000001	67000000	0.125200
chr6	67000001	68000000	0.138672
chr6	68000001	69000000	0.103493
chr6	69000001	70000000	0.075692
chr6	70000001	71000000	0.138612
chr6	71000001	72000000	0.099869
chr6	72000001	73000000	0.076698
chr6	73000001	74000000	0.166262
chr6	74000001	75000000	0.103940
chr6	75000001	76000000	0.139170
chr6	76000001	77000000	0.134103
chr6	77000001	78000000	0.192733
chr6	78000001	79000000	0.125198
chr6	79000001	80000000	0.117598
chr6	80000001	81000000	0.162598
chr6	81000001	82000000	0.106439
chr6	82000001	83000000	0.109940
chr6	83000001	83403605	0.188142
chr7	1	1000000	0.092454
chr7	1000001	2000000	0.143153
chr7	2000001	3000000	0.176365
chr7	3000001	4000000	0.090065
chr7	4000001	5000000	0.147922
chr7	5000001	6000000	0.106283
chr7	6000001	7000000	0.100533
chr7	7000001	8000000	0.130443
chr7	8000001	9000000	0.132362
chr7	9000001	10000000	0.141864
chr7	10000001	11000000	0.078068
chr7	11000001	12000000	0.142468
chr7	12000001	13000000	0.098398
chr7	13000001	14000000	0.121701
chr7	14000001	15000000	0.089873
chr7	15000001	16000000	0.124869
chr7	16000001	17000000	0.083436
chr7	17000001	18000000	0.087456
chr7	18000001	19000000	0.090425
chr7	19000001	20000000	0.151120
chr7	20000001	21000000	0.131375
chr7	21000001	22000000	0.076528
chr7	22000001	23000000	0.097075
chr7	23000001	24000000	0.124339
chr7	24000001	25000000	0.114619
chr7	25000001	26000000	0.119514
chr7	26000001	27000000	0.118389
chr7	27000001	28000000	0.125127
chr7	28000001	29000000	0.124493
chr7	29000001	30000000	0.092118
chr7	30000001	31000000	0.119027
chr7	31000001	32000000	0.146517
chr7	32000001	33000000	0.206168
chr7	33000001	34000000	0.148397
chr7	34000001	35000000	0.098206
chr7	35000001	36000000	0.090401
chr7	36000001	37000000	0.073109
chr7	37000001	38000000	0.073173
chr7	38000001	39000000	0.061445
chr7	39000001	40000000	0.089067
chr7	40000001	41000000	0.128388
chr7	41000001	42000000	0.098128
chr7	42000001	43000000	0.120129
chr7	43000001	44000000	0.092929
chr7	44000001	45000000	0.152918
chr7	45000001	46000000	0.135093
chr7	46000001	47000000	0.130470
chr7	47000001	48000000	0.143351
chr7	48000001	49000000	0.132922
chr7	49000001	50000000	0.109459
chr7	50000001	51000000	0.098010
chr7	51000001	52000000	0.151639
chr7	52000001	53000000	0.096008
chr7	53000001	54000000	0.128127
chr7	54000001	55000000	0.092663
chr7	55000001	56000000	0.115352
chr7	56000001	57000000	0.114097
chr7	57000001	58000000	0.103211
chr7	58000001	59000000	0.100609
chr7	59000001	59286736	0.079599
chr8	1	1000000	0.213533
chr8	1000001	2000000	0.117256
chr8	2000001	3000000	0.075006
chr8	3000001	4000000	0.072776
chr8	4000001	5000000	0.117023
chr8	5000001	6000000	0.129699
chr8	6000001	7000000	0.075777
chr8	7000001	8000000	0.107861
chr8	8000001	9000000	0.093629
chr8	9000001	10000000	0.073505
chr8	10000001	11000000	0.147291
chr8	11000001	12000000	0.145492
chr8	12000001	13000000	0.128090
chr8	13000001	14000000	0.125523
chr8	14000001	15000000	0.107041
chr8	15000001	16000000	0.085691
chr8	16000001	17000000	0.096143
chr8	17000001	18000000	0.070592
chr8	18000001	19000000	0.073119
chr8	19000001	20000000	0.115007
chr8	20000001	21000000	0.082292
chr8	21000001	22000000	0.088263
chr8	22000001	23000000	0.056028
chr8	23000001	24000000	0.077923
chr8	24000001	25000000	0.096569
chr8	25000001	26000000	0.108123
chr8	26000001	27000000	0.185208
chr8	27000001	28000000	0.250652
chr8	28000001	29000000	0.244708
chr8	29000001	30000000	0.105956
chr8	30000001	31000000	0.121240
chr8	31000001	32000000	0.095306
chr8	32000001	33000000	0.090613
chr8	33000001	34000000	0.080350
chr8	34000001	35000000	0.067943
chr8	35000001	36000000	0.076758
chr8	36000001	37000000	0.097349
chr8	37000001	38000000	0.055803
chr8	38000001	39000000	0.134395
chr8	39000001	40000000	0.068005
chr8	40000001	41000000	0.063570
chr8	41000001	42000000	0.074296
chr8	42000001	43000000	0.064758
chr8	43000001	44000000	0.082259
chr8	44000001	45000000	0.076196
chr8	45000001	46000000	0.073183
chr8	46000001	47000000	0.084682
chr8	47000001	48000000	0.068465
chr8	48000001	49000000	0.124471
chr8	49000001	50000000	0.126686
chr8	50000001	51000000	0.078645
chr8	51000001	52000000	0.103065
chr8	52000001	53000000	0.075220
chr8	53000001	54000000	0.142793
chr8	54000001	55000000	0.077038
chr8	55000001	56000000	0.064251
chr8	56000001	57000000	0.082721
chr8	57000001	58000000	0.132947
chr8	58000001	59000000	0.160541
chr8	59000001	60000000	0.103899
chr8	60000001	61000000	0.124964
chr8	61000001	62000000	0.163572
chr8	62000001	63000000	0.070121
chr8	63000001	64000000	0.084958
chr8	64000001	65000000	0.133638
chr8	65000001	66000000	0.104595
chr8	66000001	67000000	0.060966
chr8	67000001	68000000	0.065555
chr8	68000001	69000000	0.132612
chr8	69000001	69389724	0.113909
chr9	1	1000000	0.072997
chr9	1000001	2000000	0.083632
chr9	2000001	3000000	0.078529
chr9	3000001	4000000	0.078030
chr9	4000001	5000000	0.111775
chr9	5000001	6000000	0.140092
chr9	6000001	7000000	0.108681
chr9	7000001	8000000	0.112466
chr9	8000001	9000000	0.098341
chr9	9000001	10000000	0.092042
chr9	10000001	11000000	0.105352
chr9	11000001	12000000	0.140403
chr9	12000001	13000000	0.091517
chr9	13000001	14000000	0.080243
chr9	14000001	15000000	0.068198
chr9	15000001	16000000	0.165225
chr9	16000001	17000000	0.076913
chr9	17000001	18000000	0.147635
chr9	18000001	19000000	0.131067
chr9	19000001	20000000	0.083872
chr9	20000001	21000000	0.152109
chr9	21000001	22000000	0.103046
chr9	22000001	23000000	0.057734
chr9	23000001	24000000	0.119515
chr9	24000001	25000000	0.064430
chr9	25000001	26000000	0.182376
chr9	26000001	27000000	0.095881
chr9	27000001	28000000	0.075959
chr9	28000001	29000000	0.056293
chr9	29000001	30000000	0.069298
chr9	30000001	31000000	0.124063
chr9	31000001	32000000	0.077899
chr9	32000001	33000000	0.107722
chr9	33000001	34000000	0.117047
chr9	34000001	35000000	0.132940
chr9	35000001	36000000	0.102468
chr9	36000001	37000000	0.113200
chr9	37000001	38000000	0.133036
chr9	38000001	39000000	0.109277
chr9	39000001	40000000	0.090810
chr9	40000001	41000000	0.073322
chr9	41000001	42000000	0.079575
chr9	42000001	43000000	0.080404
chr9	43000001	44000000	0.147696
chr9	44000001	45000000	0.116007
chr9	45000001	46000000	0.199637
chr9	46000001	47000000	0.165874
chr9	47000001	48000000	0.174875
chr9	48000001	49000000	0.106077
chr9	49000001	50000000	0.085342
chr9	50000001	51000000	0.062732
chr9	51000001	52000000	0.097643
chr9	52000001	53000000	0.110548
chr9	53000001	54000000	0.066346
chr9	54000001	55000000	0.083770
chr9	55000001	56000000	0.101965
chr9	56000001	57000000	0.086444
chr9	57000001	58000000	0.096711
chr9	58000001	59000000	0.109945
chr9	59000001	60000000	0.101272
chr9	60000001	61000000	0.062593
chr9	61000001	62000000	0.119256
chr9	62000001	63000000	0.160125
chr9	63000001	64000000	0.074793
chr9	64000001	65000000	0.099133
chr9	65000001	66000000	0.142120
chr9	66000001	67000000	0.081282
chr9	67000001	68000000	0.065837
chr9	68000001	68919010	0.131443
