chr1	1	1000000	0.450184
chr1	1000001	2000000	0.415994
chr1	2000001	3000000	0.366954
chr1	3000001	4000000	0.399023
chr1	4000001	5000000	0.415612
chr1	5000001	6000000	0.398795
chr1	6000001	7000000	0.330091
chr1	7000001	8000000	0.411460
chr1	8000001	9000000	0.386178
chr1	9000001	10000000	0.364367
chr1	10000001	11000000	0.306055
chr1	11000001	12000000	0.547527
chr1	12000001	13000000	0.435524
chr1	13000001	14000000	0.483776
chr1	14000001	15000000	0.380633
chr1	15000001	16000000	0.393889
chr1	16000001	17000000	0.377665
chr1	17000001	18000000	0.330893
chr1	18000001	19000000	0.443575
chr1	19000001	20000000	0.361734
chr1	20000001	21000000	0.445815
chr1	21000001	22000000	0.458474
chr1	22000001	23000000	0.504397
chr1	23000001	24000000	0.424607
chr1	24000001	25000000	0.437503
chr1	25000001	26000000	0.409864
chr1	26000001	27000000	0.371870
chr1	27000001	28000000	0.381375
chr1	28000001	29000000	0.415301
chr1	29000001	30000000	0.335772
chr1	30000001	31000000	0.332454
chr1	31000001	32000000	0.287804
chr1	32000001	33000000	0.413604
chr1	33000001	34000000	0.409421
chr1	34000001	35000000	0.326381
chr1	35000001	36000000	0.283527
chr1	36000001	37000000	0.483776
chr1	37000001	38000000	0.651588
chr1	38000001	39000000	0.751923
chr1	39000001	40000000	0.774907
chr1	40000001	41000000	0.651998
chr1	41000001	42000000	0.712643
chr1	42000001	43000000	0.689028
chr1	43000001	44000000	0.503164
chr1	44000001	45000000	0.407561
chr1	45000001	46000000	0.327594
chr1	46000001	47000000	0.317386
chr1	47000001	48000000	0.432047
chr1	48000001	49000000	0.418478
chr1	49000001	50000000	0.355617
chr1	50000001	51000000	0.416911
chr1	51000001	52000000	0.463861
chr1	52000001	53000000	0.485808
chr1	53000001	54000000	0.461974
chr1	54000001	55000000	0.394863
chr1	55000001	56000000	0.497547
chr1	56000001	57000000	0.393134
chr1	57000001	58000000	0.440293
chr1	58000001	59000000	0.456774
chr1	59000001	60000000	0.491084
chr1	60000001	61000000	0.378029
chr1	61000001	62000000	0.375567
chr1	62000001	63000000	0.437142
chr1	63000001	64000000	0.481498
chr1	64000001	65000000	0.395168
chr1	65000001	66000000	0.285655
chr1	66000001	67000000	0.411782
chr1	67000001	68000000	0.428672
chr1	68000001	69000000	0.452071
chr1	69000001	70000000	0.467770
chr1	70000001	71000000	0.346562
chr1	71000001	72000000	0.380275
chr1	72000001	73000000	0.418223
chr1	73000001	74000000	0.389720
chr1	74000001	75000000	0.450960
chr1	75000001	76000000	0.512505
chr1	76000001	77000000	0.565575
chr1	77000001	78000000	0.586330
chr1	78000001	79000000	0.489533
chr1	79000001	80000000	0.584503
chr1	80000001	81000000	0.444720
chr1	81000001	82000000	0.376866
chr1	82000001	83000000	0.379279
chr1	83000001	84000000	0.398871
chr1	84000001	85000000	0.399744
chr1	85000001	86000000	0.362529
chr1	86000001	87000000	0.378718
chr1	87000001	88000000	0.366162
chr1	88000001	89000000	0.499238
chr1	89000001	90000000	0.429134
chr1	90000001	91000000	0.370292
chr1	91000001	92000000	0.359692
chr1	92000001	93000000	0.325085
chr1	93000001	94000000	0.454004
chr1	94000001	95000000	0.415013
chr1	95000001	96000000	0.378717
chr1	96000001	96096873	0.311356
chr10	1	1000000	0.497850
chr10	1000001	2000000	0.473482
chr10	2000001	3000000	0.463139
chr10	3000001	4000000	0.585303
chr10	4000001	5000000	0.452252
chr10	5000001	6000000	0.458176
chr10	6000001	7000000	0.595460
chr10	7000001	8000000	0.609812
chr10	8000001	9000000	0.469259
chr10	9000001	10000000	0.570519
chr10	10000001	11000000	0.517256
chr10	11000001	12000000	0.634012
chr10	12000001	13000000	0.558893
chr10	13000001	14000000	0.625631
chr10	14000001	15000000	0.537059
chr10	15000001	16000000	0.681911
chr10	16000001	17000000	0.674974
chr10	17000001	18000000	0.634136
chr10	18000001	19000000	0.535853
chr10	19000001	20000000	0.560922
chr10	20000001	21000000	0.650972
chr10	21000001	22000000	0.703588
chr10	22000001	23000000	0.475587
chr10	23000001	24000000	0.496194
chr10	24000001	25000000	0.525639
chr10	25000001	26000000	0.522343
chr10	26000001	27000000	0.437815
chr10	27000001	28000000	0.432758
chr10	28000001	29000000	0.396723
chr10	29000001	30000000	0.428101
chr10	30000001	31000000	0.457957
chr10	31000001	32000000	0.498728
chr10	32000001	33000000	0.879070
chr10	33000001	34000000	0.645172
chr10	34000001	35000000	0.604263
chr10	35000001	36000000	0.463759
chr10	36000001	37000000	0.403333
chr10	37000001	38000000	0.471826
chr10	38000001	39000000	0.414099
chr10	39000001	40000000	0.498237
chr10	40000001	41000000	0.541920
chr10	41000001	42000000	0.522677
chr10	42000001	43000000	0.492826
chr10	43000001	44000000	0.529881
chr10	44000001	45000000	0.572704
chr10	45000001	46000000	0.506771
chr10	46000001	47000000	0.556685
chr10	47000001	48000000	0.657454
chr10	48000001	49000000	0.644537
chr10	49000001	50000000	0.648781
chr10	50000001	51000000	0.546621
chr10	51000001	52000000	0.483362
chr10	52000001	53000000	0.501982
chr10	53000001	54000000	0.550274
chr10	54000001	55000000	0.637155
chr10	55000001	56000000	0.584753
chr10	56000001	57000000	0.576264
chr10	57000001	58000000	0.460139
chr10	58000001	59000000	0.567057
chr10	59000001	60000000	0.557377
chr10	60000001	61000000	0.677588
chr10	61000001	62000000	0.511057
chr10	62000001	63000000	0.461047
chr10	63000001	64000000	0.600126
chr10	64000001	65000000	0.567564
chr10	65000001	66000000	0.580318
chr10	66000001	67000000	0.562343
chr10	67000001	68000000	0.540176
chr10	68000001	68053814	0.445070
chr11	1	1000000	0.536306
chr11	1000001	2000000	0.450784
chr11	2000001	3000000	0.420063
chr11	3000001	4000000	0.444280
chr11	4000001	5000000	0.520180
chr11	5000001	6000000	0.594554
chr11	6000001	7000000	0.586270
chr11	7000001	8000000	0.709725
chr11	8000001	9000000	0.660928
chr11	9000001	10000000	0.589897
chr11	10000001	11000000	0.630611
chr11	11000001	12000000	0.602980
chr11	12000001	13000000	0.495718
chr11	13000001	14000000	0.517062
chr11	14000001	15000000	0.540018
chr11	15000001	16000000	0.557848
chr11	16000001	17000000	0.578484
chr11	17000001	18000000	0.597955
chr11	18000001	19000000	0.611102
chr11	19000001	20000000	0.632083
chr11	20000001	21000000	0.767035
chr11	21000001	22000000	0.662155
chr11	22000001	23000000	0.613679
chr11	23000001	24000000	0.625055
chr11	24000001	25000000	0.517071
chr11	25000001	26000000	0.472762
chr11	26000001	27000000	0.497837
chr11	27000001	28000000	0.576950
chr11	28000001	29000000	0.443719
chr11	29000001	30000000	0.390272
chr11	30000001	31000000	0.560490
chr11	31000001	32000000	0.749149
chr11	32000001	33000000	0.706797
chr11	33000001	34000000	0.410812
chr11	34000001	35000000	0.423370
chr11	35000001	36000000	0.325597
chr11	36000001	37000000	0.400176
chr11	37000001	38000000	0.463816
chr11	38000001	39000000	0.533075
chr11	39000001	40000000	0.544028
chr11	40000001	41000000	0.597350
chr11	41000001	42000000	0.680641
chr11	42000001	43000000	0.468561
chr11	43000001	44000000	0.627176
chr11	44000001	45000000	0.623111
chr11	45000001	46000000	0.528504
chr11	46000001	47000000	0.588992
chr11	47000001	48000000	0.581744
chr11	48000001	49000000	0.487737
chr11	49000001	50000000	0.609826
chr11	50000001	51000000	0.465976
chr11	51000001	52000000	0.402651
chr11	52000001	53000000	0.631988
chr11	53000001	54000000	0.540275
chr11	54000001	55000000	0.544407
chr11	55000001	56000000	0.592663
chr11	56000001	57000000	0.578788
chr11	57000001	58000000	0.612374
chr11	58000001	59000000	0.666947
chr11	59000001	60000000	0.529366
chr11	60000001	61000000	0.585870
chr11	61000001	62000000	0.404762
chr11	62000001	63000000	0.485693
chr11	63000001	64000000	0.476459
chr11	64000001	65000000	0.625871
chr11	65000001	66000000	0.454504
chr11	66000001	67000000	0.602764
chr11	67000001	68000000	0.517906
chr11	68000001	69000000	0.523498
chr11	69000001	70000000	0.537933
chr11	70000001	71000000	0.685743
chr11	71000001	72000000	0.507354
chr11	72000001	73000000	0.436998
chr11	73000001	74000000	0.484513
chr11	74000001	75000000	0.649230
chr11	75000001	76000000	0.508059
chr11	76000001	77000000	0.569143
chr11	77000001	78000000	0.555547
chr11	78000001	79000000	0.470929
chr11	79000001	80000000	0.617989
chr11	80000001	81000000	0.448569
chr11	81000001	82000000	0.468157
chr11	82000001	83000000	0.489503
chr11	83000001	84000000	0.488137
chr11	84000001	85000000	0.490068
chr11	85000001	86000000	0.709816
chr11	86000001	87000000	0.521546
chr11	87000001	88000000	0.756958
chr11	88000001	89000000	0.507031
chr11	89000001	89337516	0.324011
chr12	1	1000000	0.456598
chr12	1000001	2000000	0.359728
chr12	2000001	3000000	0.333049
chr12	3000001	4000000	0.454205
chr12	4000001	5000000	0.396303
chr12	5000001	6000000	0.422943
chr12	6000001	7000000	0.513766
chr12	7000001	8000000	0.375166
chr12	8000001	9000000	0.467648
chr12	9000001	10000000	0.550407
chr12	10000001	11000000	0.543420
chr12	11000001	12000000	0.460101
chr12	12000001	13000000	0.387032
chr12	13000001	14000000	0.495471
chr12	14000001	15000000	0.411653
chr12	15000001	16000000	0.496983
chr12	16000001	17000000	0.466498
chr12	17000001	18000000	0.537420
chr12	18000001	19000000	0.364135
chr12	19000001	20000000	0.406336
chr12	20000001	21000000	0.427090
chr12	21000001	22000000	0.504826
chr12	22000001	23000000	0.430491
chr12	23000001	24000000	0.442750
chr12	24000001	25000000	0.490174
chr12	25000001	26000000	0.433619
chr12	26000001	27000000	0.388977
chr12	27000001	28000000	0.399735
chr12	28000001	29000000	0.374464
chr12	29000001	30000000	0.358253
chr12	30000001	31000000	0.366787
chr12	31000001	32000000	0.368865
chr12	32000001	33000000	0.380103
chr12	33000001	34000000	0.459635
chr12	34000001	35000000	0.388473
chr12	35000001	36000000	0.380820
chr12	36000001	37000000	0.445365
chr12	37000001	38000000	0.391359
chr12	38000001	39000000	0.435415
chr12	39000001	40000000	0.527069
chr12	40000001	41000000	0.364024
chr12	41000001	42000000	0.486772
chr12	42000001	43000000	0.373695
chr12	43000001	44000000	0.391742
chr12	44000001	45000000	0.357252
chr12	45000001	46000000	0.388144
chr12	46000001	47000000	0.379591
chr12	47000001	48000000	0.512793
chr12	48000001	49000000	0.391424
chr12	49000001	50000000	0.394770
chr12	50000001	51000000	0.469742
chr12	51000001	52000000	0.369492
chr12	52000001	53000000	0.390873
chr12	53000001	54000000	0.461998
chr12	54000001	55000000	0.375816
chr12	55000001	56000000	0.370897
chr12	56000001	57000000	0.371333
chr12	57000001	58000000	0.297728
chr12	58000001	59000000	0.411667
chr12	59000001	60000000	0.520763
chr12	60000001	61000000	0.720936
chr12	61000001	62000000	0.584241
chr12	62000001	63000000	0.424169
chr12	63000001	64000000	0.457967
chr12	64000001	65000000	0.491470
chr12	65000001	66000000	0.481537
chr12	66000001	67000000	0.463207
chr12	67000001	68000000	0.498335
chr12	68000001	69000000	0.627478
chr12	69000001	70000000	0.596260
chr12	70000001	71000000	0.576866
chr12	71000001	72000000	0.537937
chr12	72000001	73000000	0.399271
chr12	73000001	74000000	0.553941
chr12	74000001	75000000	0.530279
chr12	75000001	76000000	0.452130
chr12	76000001	77000000	0.375829
chr12	77000001	78000000	0.490536
chr12	78000001	79000000	0.491177
chr12	79000001	80000000	0.633570
chr12	80000001	81000000	0.485159
chr12	81000001	81885254	0.686768
chr13	1	1000000	0.418071
chr13	1000001	2000000	0.373934
chr13	2000001	3000000	0.371577
chr13	3000001	4000000	0.375586
chr13	4000001	5000000	0.358103
chr13	5000001	6000000	0.466220
chr13	6000001	7000000	0.418074
chr13	7000001	8000000	0.493201
chr13	8000001	9000000	0.493418
chr13	9000001	10000000	0.506572
chr13	10000001	11000000	0.492006
chr13	11000001	12000000	0.509729
chr13	12000001	13000000	0.413427
chr13	13000001	14000000	0.501707
chr13	14000001	15000000	0.396821
chr13	15000001	16000000	0.462428
chr13	16000001	17000000	0.424095
chr13	17000001	18000000	0.412163
chr13	18000001	19000000	0.489275
chr13	19000001	20000000	0.456637
chr13	20000001	21000000	0.629675
chr13	21000001	22000000	0.499560
chr13	22000001	23000000	0.450599
chr13	23000001	24000000	0.508651
chr13	24000001	25000000	0.450964
chr13	25000001	26000000	0.519281
chr13	26000001	27000000	0.386746
chr13	27000001	28000000	0.489911
chr13	28000001	29000000	0.505361
chr13	29000001	30000000	0.615611
chr13	30000001	31000000	0.444900
chr13	31000001	32000000	0.555487
chr13	32000001	33000000	0.379389
chr13	33000001	34000000	0.350352
chr13	34000001	35000000	0.385427
chr13	35000001	36000000	0.436618
chr13	36000001	37000000	0.424668
chr13	37000001	38000000	0.400738
chr13	38000001	39000000	0.362209
chr13	39000001	40000000	0.434695
chr13	40000001	41000000	0.255722
chr13	41000001	42000000	0.490990
chr13	42000001	43000000	0.449813
chr13	43000001	44000000	0.521465
chr13	44000001	45000000	0.522322
chr13	45000001	46000000	0.673136
chr13	46000001	47000000	0.742352
chr13	47000001	48000000	0.637467
chr13	48000001	49000000	0.446563
chr13	49000001	50000000	0.383821
chr13	50000001	51000000	0.429066
chr13	51000001	52000000	0.310945
chr13	52000001	53000000	0.338838
chr13	53000001	54000000	0.364361
chr13	54000001	55000000	0.425035
chr13	55000001	56000000	0.403570
chr13	56000001	57000000	0.516842
chr13	57000001	58000000	0.413567
chr13	58000001	59000000	0.421804
chr13	59000001	60000000	0.417213
chr13	60000001	61000000	0.470444
chr13	61000001	62000000	0.367767
chr13	62000001	63000000	0.362825
chr13	63000001	64000000	0.235536
chr13	64000001	65000000	0.451903
chr13	65000001	66000000	0.446870
chr13	66000001	67000000	0.459481
chr13	67000001	68000000	0.544175
chr13	68000001	69000000	0.466687
chr13	69000001	70000000	0.359212
chr13	70000001	71000000	0.413971
chr13	71000001	72000000	0.595691
chr13	72000001	73000000	0.382483
chr13	73000001	74000000	0.344400
chr13	74000001	74588556	0.434095
chr14	1	1000000	0.625596
chr14	1000001	2000000	0.678324
chr14	2000001	3000000	0.353299
chr14	3000001	4000000	0.404011
chr14	4000001	5000000	0.481267
chr14	5000001	6000000	0.534830
chr14	6000001	7000000	0.330334
chr14	7000001	8000000	0.330299
chr14	8000001	9000000	0.471855
chr14	9000001	10000000	0.384155
chr14	10000001	11000000	0.440159
chr14	11000001	12000000	0.534838
chr14	12000001	13000000	0.486943
chr14	13000001	14000000	0.511707
chr14	14000001	15000000	0.505439
chr14	15000001	16000000	0.500943
chr14	16000001	17000000	0.523918
chr14	17000001	18000000	0.606908
chr14	18000001	19000000	0.579628
chr14	19000001	20000000	0.488340
chr14	20000001	21000000	0.492463
chr14	21000001	22000000	0.449139
chr14	22000001	23000000	0.515283
chr14	23000001	24000000	0.443973
chr14	24000001	25000000	0.434166
chr14	25000001	26000000	0.322820
chr14	26000001	27000000	0.447249
chr14	27000001	28000000	0.417201
chr14	28000001	29000000	0.396992
chr14	29000001	30000000	0.612434
chr14	30000001	31000000	0.776457
chr14	31000001	32000000	0.718253
chr14	32000001	33000000	0.801712
chr14	33000001	34000000	0.684667
chr14	34000001	35000000	0.504035
chr14	35000001	36000000	0.332478
chr14	36000001	37000000	0.273258
chr14	37000001	38000000	0.294510
chr14	38000001	39000000	0.374285
chr14	39000001	40000000	0.365511
chr14	40000001	41000000	0.383198
chr14	41000001	42000000	0.446651
chr14	42000001	43000000	0.403981
chr14	43000001	44000000	0.494491
chr14	44000001	45000000	0.652104
chr14	45000001	46000000	0.586828
chr14	46000001	47000000	0.448255
chr14	47000001	48000000	0.402352
chr14	48000001	49000000	0.449370
chr14	49000001	50000000	0.394632
chr14	50000001	51000000	0.355479
chr14	51000001	52000000	0.338707
chr14	52000001	53000000	0.436207
chr14	53000001	54000000	0.394696
chr14	54000001	55000000	0.428453
chr14	55000001	56000000	0.391106
chr14	56000001	57000000	0.397772
chr14	57000001	58000000	0.430460
chr14	58000001	59000000	0.408930
chr14	59000001	60000000	0.454650
chr14	60000001	61000000	0.444717
chr14	61000001	62000000	0.396428
chr14	62000001	63000000	0.343828
chr14	63000001	64000000	0.552284
chr14	64000001	65000000	0.440993
chr14	65000001	66000000	0.540194
chr14	66000001	67000000	0.438945
chr14	67000001	68000000	0.492819
chr14	68000001	69000000	0.356886
chr14	69000001	70000000	0.422250
chr14	70000001	71000000	0.361780
chr14	71000001	72000000	0.538910
chr14	72000001	73000000	0.394692
chr14	73000001	74000000	0.428623
chr14	74000001	75000000	0.491119
chr14	75000001	76000000	0.466895
chr14	76000001	77000000	0.522041
chr14	77000001	78000000	0.473662
chr14	78000001	79000000	0.470052
chr14	79000001	80000000	0.474376
chr14	80000001	81000000	0.403737
chr14	81000001	82000000	0.433010
chr14	82000001	83000000	0.360019
chr14	83000001	84000000	0.344592
chr14	84000001	85000000	0.464476
chr14	85000001	86000000	0.561092
chr14	86000001	87000000	0.446014
chr14	87000001	87868007	0.507429
chr15	1	1000000	0.553756
chr15	1000001	2000000	0.437039
chr15	2000001	3000000	0.438566
chr15	3000001	4000000	0.450008
chr15	4000001	5000000	0.353137
chr15	5000001	6000000	0.452524
chr15	6000001	7000000	0.431942
chr15	7000001	8000000	0.527686
chr15	8000001	9000000	0.449835
chr15	9000001	10000000	0.464845
chr15	10000001	11000000	0.532321
chr15	11000001	12000000	0.430739
chr15	12000001	13000000	0.418823
chr15	13000001	14000000	0.459755
chr15	14000001	15000000	0.457148
chr15	15000001	16000000	0.520834
chr15	16000001	17000000	0.502597
chr15	17000001	18000000	0.521447
chr15	18000001	19000000	0.393506
chr15	19000001	20000000	0.428301
chr15	20000001	21000000	0.592550
chr15	21000001	22000000	0.778716
chr15	22000001	23000000	0.538165
chr15	23000001	24000000	0.411437
chr15	24000001	25000000	0.316260
chr15	25000001	26000000	0.326528
chr15	26000001	27000000	0.365522
chr15	27000001	28000000	0.355771
chr15	28000001	29000000	0.353867
chr15	29000001	30000000	0.466939
chr15	30000001	31000000	0.523779
chr15	31000001	32000000	0.465075
chr15	32000001	33000000	0.421094
chr15	33000001	34000000	0.414993
chr15	34000001	35000000	0.545979
chr15	35000001	36000000	0.553958
chr15	36000001	37000000	0.393059
chr15	37000001	38000000	0.415290
chr15	38000001	39000000	0.620277
chr15	39000001	40000000	0.479509
chr15	40000001	41000000	0.450010
chr15	41000001	42000000	0.426193
chr15	42000001	43000000	0.500546
chr15	43000001	44000000	0.449314
chr15	44000001	45000000	0.437994
chr15	45000001	46000000	0.444051
chr15	46000001	47000000	0.446878
chr15	47000001	48000000	0.352795
chr15	48000001	49000000	0.467783
chr15	49000001	50000000	0.474774
chr15	50000001	51000000	0.528731
chr15	51000001	52000000	0.484302
chr15	52000001	53000000	0.459640
chr15	53000001	54000000	0.528080
chr15	54000001	55000000	0.486186
chr15	55000001	56000000	0.428417
chr15	56000001	57000000	0.462338
chr15	57000001	58000000	0.560756
chr15	58000001	59000000	0.509339
chr15	59000001	60000000	0.430560
chr15	60000001	61000000	0.408483
chr15	61000001	62000000	0.474767
chr15	62000001	63000000	0.552615
chr15	63000001	64000000	0.563254
chr15	64000001	65000000	0.528354
chr15	65000001	66000000	0.427267
chr15	66000001	67000000	0.520190
chr15	67000001	68000000	0.490476
chr15	68000001	69000000	0.485103
chr15	69000001	70000000	0.461694
chr15	70000001	71000000	0.525246
chr15	71000001	71825820	0.430815
chr16	1	1000000	0.569739
chr16	1000001	2000000	0.360822
chr16	2000001	3000000	0.477643
chr16	3000001	4000000	0.379741
chr16	4000001	5000000	0.436936
chr16	5000001	6000000	0.463455
chr16	6000001	7000000	0.476475
chr16	7000001	8000000	0.399148
chr16	8000001	9000000	0.431293
chr16	9000001	10000000	0.410820
chr16	10000001	11000000	0.442462
chr16	11000001	12000000	0.402423
chr16	12000001	13000000	0.446882
chr16	13000001	14000000	0.582933
chr16	14000001	15000000	0.462595
chr16	15000001	16000000	0.625034
chr16	16000001	17000000	0.442473
chr16	17000001	18000000	0.329923
chr16	18000001	19000000	0.391830
chr16	19000001	20000000	0.342993
chr16	20000001	21000000	0.284939
chr16	21000001	22000000	0.399441
chr16	22000001	23000000	0.259141
chr16	23000001	24000000	0.406659
chr16	24000001	25000000	0.482855
chr16	25000001	26000000	0.410188
chr16	26000001	27000000	0.417098
chr16	27000001	28000000	0.410824
chr16	28000001	29000000	0.406710
chr16	29000001	30000000	0.472256
chr16	30000001	31000000	0.529834
chr16	31000001	32000000	0.518468
chr16	32000001	33000000	0.625652
chr16	33000001	34000000	0.373041
chr16	34000001	35000000	0.427156
chr16	35000001	36000000	0.340762
chr16	36000001	37000000	0.412350
chr16	37000001	38000000	0.392136
chr16	38000001	39000000	0.413120
chr16	39000001	40000000	0.477720
chr16	40000001	41000000	0.400873
chr16	41000001	42000000	0.357120
chr16	42000001	43000000	0.490445
chr16	43000001	44000000	0.566588
chr16	44000001	45000000	0.428281
chr16	45000001	46000000	0.452519
chr16	46000001	47000000	0.381248
chr16	47000001	48000000	0.330332
chr16	48000001	49000000	0.367934
chr16	49000001	50000000	0.455460
chr16	50000001	51000000	0.437140
chr16	51000001	52000000	0.509388
chr16	52000001	53000000	0.471011
chr16	53000001	54000000	0.422422
chr16	54000001	55000000	0.381763
chr16	55000001	56000000	0.420007
chr16	56000001	57000000	0.394874
chr16	57000001	58000000	0.391367
chr16	58000001	59000000	0.391148
chr16	59000001	60000000	0.409101
chr16	60000001	61000000	0.398980
chr16	61000001	62000000	0.390146
chr16	62000001	63000000	0.327786
chr16	63000001	64000000	0.507955
chr16	64000001	65000000	0.755327
chr16	65000001	66000000	0.721539
chr16	66000001	67000000	0.769756
chr16	67000001	68000000	0.800519
chr16	68000001	69000000	0.799780
chr16	69000001	70000000	0.640052
chr16	70000001	71000000	0.419124
chr16	71000001	72000000	0.449218
chr16	72000001	73000000	0.342503
chr16	73000001	74000000	0.397389
chr16	74000001	75000000	0.368149
chr16	75000001	76000000	0.396303
chr16	76000001	77000000	0.543702
chr16	77000001	78000000	0.403849
chr16	78000001	79000000	0.328370
chr16	79000001	80000000	0.389579
chr16	80000001	81000000	0.494086
chr16	81000001	82000000	0.448274
chr16	82000001	83000000	0.457599
chr16	83000001	84000000	0.486101
chr16	84000001	85000000	0.481870
chr16	85000001	86000000	0.363934
chr16	86000001	87000000	0.427544
chr16	87000001	88000000	0.382384
chr16	88000001	89000000	0.450388
chr16	89000001	89231009	0.272409
chr17	1	1000000	0.697957
chr17	1000001	2000000	0.571800
chr17	2000001	3000000	0.468949
chr17	3000001	4000000	0.542983
chr17	4000001	5000000	0.468688
chr17	5000001	6000000	0.455287
chr17	6000001	7000000	0.441782
chr17	7000001	8000000	0.511146
chr17	8000001	9000000	0.544646
chr17	9000001	10000000	0.409229
chr17	10000001	11000000	0.513178
chr17	11000001	12000000	0.616272
chr17	12000001	13000000	0.553276
chr17	13000001	14000000	0.527530
chr17	14000001	15000000	0.448856
chr17	15000001	16000000	0.391859
chr17	16000001	17000000	0.597994
chr17	17000001	18000000	0.545792
chr17	18000001	19000000	0.451205
chr17	19000001	20000000	0.424743
chr17	20000001	21000000	0.393815
chr17	21000001	22000000	0.445624
chr17	22000001	23000000	0.495107
chr17	23000001	24000000	0.573099
chr17	24000001	25000000	0.597095
chr17	25000001	26000000	0.514794
chr17	26000001	27000000	0.511595
chr17	27000001	28000000	0.604187
chr17	28000001	29000000	0.715402
chr17	29000001	30000000	0.467900
chr17	30000001	31000000	0.493801
chr17	31000001	32000000	0.625298
chr17	32000001	33000000	0.522861
chr17	33000001	34000000	0.439314
chr17	34000001	35000000	0.471579
chr17	35000001	36000000	0.515996
chr17	36000001	37000000	0.604163
chr17	37000001	38000000	0.746799
chr17	38000001	39000000	0.642504
chr17	39000001	40000000	0.563093
chr17	40000001	41000000	0.429634
chr17	41000001	42000000	0.519982
chr17	42000001	43000000	0.596824
chr17	43000001	44000000	0.606191
chr17	44000001	45000000	0.618826
chr17	45000001	46000000	0.632482
chr17	46000001	47000000	0.592566
chr17	47000001	48000000	0.532196
chr17	48000001	49000000	0.563679
chr17	49000001	50000000	0.503958
chr17	50000001	51000000	0.513755
chr17	51000001	52000000	0.516422
chr17	52000001	53000000	0.500067
chr17	53000001	54000000	0.642699
chr17	54000001	55000000	0.611136
chr17	55000001	56000000	0.509915
chr17	56000001	57000000	0.565876
chr17	57000001	58000000	0.471698
chr17	58000001	59000000	0.524758
chr17	59000001	60000000	0.511078
chr17	60000001	61000000	0.489696
chr17	61000001	61724274	0.564593
chr18	1	1000000	0.439337
chr18	1000001	2000000	0.450105
chr18	2000001	3000000	0.505575
chr18	3000001	4000000	0.642200
chr18	4000001	5000000	0.534022
chr18	5000001	6000000	0.438989
chr18	6000001	7000000	0.434779
chr18	7000001	8000000	0.508608
chr18	8000001	9000000	0.360360
chr18	9000001	10000000	0.526765
chr18	10000001	11000000	0.443311
chr18	11000001	12000000	0.453852
chr18	12000001	13000000	0.472736
chr18	13000001	14000000	0.464128
chr18	14000001	15000000	0.587279
chr18	15000001	16000000	0.544380
chr18	16000001	17000000	0.685050
chr18	17000001	18000000	0.561119
chr18	18000001	19000000	0.567167
chr18	19000001	20000000	0.539202
chr18	20000001	21000000	0.380829
chr18	21000001	22000000	0.354634
chr18	22000001	23000000	0.521948
chr18	23000001	24000000	0.465358
chr18	24000001	25000000	0.400774
chr18	25000001	26000000	0.264546
chr18	26000001	27000000	0.386873
chr18	27000001	28000000	0.501620
chr18	28000001	29000000	0.565232
chr18	29000001	30000000	0.804730
chr18	30000001	31000000	0.879482
chr18	31000001	32000000	0.503899
chr18	32000001	33000000	0.363175
chr18	33000001	34000000	0.383228
chr18	34000001	35000000	0.340425
chr18	35000001	36000000	0.449992
chr18	36000001	37000000	0.519847
chr18	37000001	38000000	0.561757
chr18	38000001	39000000	0.559502
chr18	39000001	40000000	0.492735
chr18	40000001	41000000	0.461642
chr18	41000001	42000000	0.546673
chr18	42000001	43000000	0.502276
chr18	43000001	44000000	0.556474
chr18	44000001	45000000	0.499582
chr18	45000001	46000000	0.475663
chr18	46000001	47000000	0.593297
chr18	47000001	48000000	0.574279
chr18	48000001	49000000	0.450130
chr18	49000001	50000000	0.517691
chr18	50000001	51000000	0.380031
chr18	51000001	52000000	0.344520
chr18	52000001	53000000	0.467123
chr18	53000001	54000000	0.408298
chr18	54000001	55000000	0.396507
chr18	55000001	56000000	0.559033
chr18	56000001	57000000	0.466418
chr18	57000001	58000000	0.492524
chr18	58000001	59000000	0.419219
chr18	59000001	60000000	0.553395
chr18	60000001	61000000	0.395169
chr18	61000001	62000000	0.528205
chr18	62000001	63000000	0.460238
chr18	63000001	64000000	0.503572
chr18	64000001	65000000	0.522524
chr18	65000001	66000000	0.516044
chr18	66000001	67000000	0.481095
chr18	67000001	68000000	0.477116
chr18	68000001	69000000	0.525752
chr18	69000001	70000000	0.442473
chr18	70000001	70111946	0.276785
chr2	1	1000000	0.584343
chr2	1000001	2000000	0.614247
chr2	2000001	3000000	0.575197
chr2	3000001	4000000	0.656812
chr2	4000001	5000000	0.617447
chr2	5000001	6000000	0.475083
chr2	6000001	7000000	0.444119
chr2	7000001	8000000	0.485739
chr2	8000001	9000000	0.639359
chr2	9000001	10000000	0.462455
chr2	10000001	11000000	0.539575
chr2	11000001	12000000	0.486959
chr2	12000001	13000000	0.462752
chr2	13000001	14000000	0.497478
chr2	14000001	15000000	0.503536
chr2	15000001	16000000	0.533973
chr2	16000001	17000000	0.481060
chr2	17000001	18000000	0.736278
chr2	18000001	19000000	0.723529
chr2	19000001	20000000	0.661881
chr2	20000001	21000000	0.638081
chr2	21000001	22000000	0.523748
chr2	22000001	23000000	0.604694
chr2	23000001	24000000	0.647596
chr2	24000001	25000000	0.603136
chr2	25000001	26000000	0.630702
chr2	26000001	27000000	0.632512
chr2	27000001	28000000	0.579618
chr2	28000001	29000000	0.580472
chr2	29000001	30000000	0.771539
chr2	30000001	31000000	0.717377
chr2	31000001	32000000	0.665567
chr2	32000001	33000000	0.619906
chr2	33000001	34000000	0.658846
chr2	34000001	35000000	0.630069
chr2	35000001	36000000	0.715525
chr2	36000001	37000000	0.563865
chr2	37000001	38000000	0.494535
chr2	38000001	39000000	0.510587
chr2	39000001	40000000	0.512127
chr2	40000001	41000000	0.583277
chr2	41000001	42000000	0.527052
chr2	42000001	43000000	0.439453
chr2	43000001	44000000	0.334255
chr2	44000001	45000000	0.616933
chr2	45000001	46000000	0.653672
chr2	46000001	47000000	0.597083
chr2	47000001	48000000	0.529858
chr2	48000001	49000000	0.739424
chr2	49000001	50000000	0.557186
chr2	50000001	51000000	0.572171
chr2	51000001	52000000	0.558082
chr2	52000001	53000000	0.671372
chr2	53000001	54000000	0.612210
chr2	54000001	55000000	0.582144
chr2	55000001	56000000	0.607216
chr2	56000001	57000000	0.480925
chr2	57000001	58000000	0.583613
chr2	58000001	59000000	0.542350
chr2	59000001	60000000	0.606294
chr2	60000001	61000000	0.577856
chr2	61000001	61727229	0.609566
chr3	1	1000000	0.429469
chr3	1000001	2000000	0.451187
chr3	2000001	3000000	0.751662
chr3	3000001	4000000	0.443969
chr3	4000001	5000000	0.445330
chr3	5000001	6000000	0.391660
chr3	6000001	7000000	0.443162
chr3	7000001	8000000	0.530887
chr3	8000001	9000000	0.454826
chr3	9000001	10000000	0.446641
chr3	10000001	11000000	0.475831
chr3	11000001	12000000	0.437559
chr3	12000001	13000000	0.431317
chr3	13000001	14000000	0.468836
chr3	14000001	15000000	0.571121
chr3	15000001	16000000	0.669209
chr3	16000001	17000000	0.477982
chr3	17000001	18000000	0.484075
chr3	18000001	19000000	0.300042
chr3	19000001	20000000	0.283905
chr3	20000001	21000000	0.427347
chr3	21000001	22000000	0.492484
chr3	22000001	23000000	0.689007
chr3	23000001	24000000	0.794433
chr3	24000001	25000000	0.798264
chr3	25000001	26000000	0.587811
chr3	26000001	27000000	0.590794
chr3	27000001	28000000	0.494746
chr3	28000001	29000000	0.464552
chr3	29000001	30000000	0.446139
chr3	30000001	31000000	0.462962
chr3	31000001	32000000	0.328937
chr3	32000001	33000000	0.534611
chr3	33000001	34000000	0.493942
chr3	34000001	35000000	0.427147
chr3	35000001	36000000	0.494230
chr3	36000001	37000000	0.397802
chr3	37000001	38000000	0.449335
chr3	38000001	39000000	0.390745
chr3	39000001	40000000	0.402788
chr3	40000001	41000000	0.343912
chr3	41000001	42000000	0.389304
chr3	42000001	43000000	0.450591
chr3	43000001	44000000	0.407717
chr3	44000001	45000000	0.503853
chr3	45000001	46000000	0.447933
chr3	46000001	47000000	0.598286
chr3	47000001	48000000	0.510181
chr3	48000001	49000000	0.458460
chr3	49000001	50000000	0.417905
chr3	50000001	51000000	0.450073
chr3	51000001	52000000	0.409500
chr3	52000001	53000000	0.456271
chr3	53000001	54000000	0.448403
chr3	54000001	55000000	0.440580
chr3	55000001	56000000	0.484900
chr3	56000001	57000000	0.443262
chr3	57000001	58000000	0.439956
chr3	58000001	59000000	0.390872
chr3	59000001	60000000	0.452599
chr3	60000001	61000000	0.552280
chr3	61000001	62000000	0.519262
chr3	62000001	63000000	0.452458
chr3	63000001	64000000	0.430340
chr3	64000001	65000000	0.462205
chr3	65000001	66000000	0.541820
chr3	66000001	67000000	0.475676
chr3	67000001	68000000	0.425603
chr3	68000001	69000000	0.630995
chr3	69000001	70000000	0.551747
chr3	70000001	71000000	0.489861
chr3	71000001	72000000	0.471105
chr3	72000001	73000000	0.394160
chr3	73000001	74000000	0.461317
chr3	74000001	75000000	0.405643
chr3	75000001	76000000	0.503438
chr3	76000001	77000000	0.507287
chr3	77000001	78000000	0.518643
chr3	78000001	79000000	0.568219
chr3	79000001	80000000	0.499100
chr3	80000001	81000000	0.441285
chr3	81000001	82000000	0.379717
chr3	82000001	83000000	0.475435
chr3	83000001	84000000	0.531102
chr3	84000001	85000000	0.432966
chr3	85000001	86000000	0.428570
chr3	86000001	86823602	0.473462
chr4	1	1000000	0.639511
chr4	1000001	2000000	0.584295
chr4	2000001	3000000	0.609192
chr4	3000001	4000000	0.570232
chr4	4000001	5000000	0.544540
chr4	5000001	6000000	0.471391
chr4	6000001	7000000	0.459691
chr4	7000001	8000000	0.407109
chr4	8000001	9000000	0.537071
chr4	9000001	10000000	0.569838
chr4	10000001	11000000	0.498851
chr4	11000001	12000000	0.538507
chr4	12000001	13000000	0.432732
chr4	13000001	14000000	0.443454
chr4	14000001	15000000	0.495239
chr4	15000001	16000000	0.496835
chr4	16000001	17000000	0.499740
chr4	17000001	18000000	0.416574
chr4	18000001	19000000	0.416676
chr4	19000001	20000000	0.361780
chr4	20000001	21000000	0.565383
chr4	21000001	22000000	0.485751
chr4	22000001	23000000	0.460622
chr4	23000001	24000000	0.446261
chr4	24000001	25000000	0.419281
chr4	25000001	26000000	0.500877
chr4	26000001	27000000	0.532050
chr4	27000001	28000000	0.580416
chr4	28000001	29000000	0.531978
chr4	29000001	30000000	0.555970
chr4	30000001	31000000	0.509966
chr4	31000001	32000000	0.560180
chr4	32000001	33000000	0.586300
chr4	33000001	34000000	0.570725
chr4	34000001	35000000	0.596458
chr4	35000001	36000000	0.537417
chr4	36000001	37000000	0.513439
chr4	37000001	38000000	0.546615
chr4	38000001	39000000	0.646543
chr4	39000001	40000000	0.579513
chr4	40000001	41000000	0.333405
chr4	41000001	42000000	0.460643
chr4	42000001	43000000	0.590801
chr4	43000001	44000000	0.530157
chr4	44000001	45000000	0.774161
chr4	45000001	46000000	0.503686
chr4	46000001	47000000	0.567647
chr4	47000001	48000000	0.437582
chr4	48000001	49000000	0.545038
chr4	49000001	50000000	0.634716
chr4	50000001	51000000	0.534948
chr4	51000001	52000000	0.483751
chr4	52000001	53000000	0.515225
chr4	53000001	54000000	0.434365
chr4	54000001	55000000	0.408423
chr4	55000001	56000000	0.555492
chr4	56000001	57000000	0.629166
chr4	57000001	58000000	0.640260
chr4	58000001	59000000	0.624000
chr4	59000001	60000000	0.646992
chr4	60000001	61000000	0.625521
chr4	61000001	62000000	0.586821
chr4	62000001	62554782	0.671255
chr5	1	1000000	0.406013
chr5	1000001	2000000	0.457563
chr5	2000001	3000000	0.654768
chr5	3000001	4000000	0.728000
chr5	4000001	5000000	0.567683
chr5	5000001	6000000	0.497041
chr5	6000001	7000000	0.449161
chr5	7000001	8000000	0.547524
chr5	8000001	9000000	0.627131
chr5	9000001	10000000	0.712174
chr5	10000001	11000000	0.588119
chr5	11000001	12000000	0.568867
chr5	12000001	13000000	0.504253
chr5	13000001	14000000	0.600013
chr5	14000001	15000000	0.553373
chr5	15000001	16000000	0.527849
chr5	16000001	17000000	0.403759
chr5	17000001	18000000	0.459496
chr5	18000001	19000000	0.556100
chr5	19000001	20000000	0.467207
chr5	20000001	21000000	0.506833
chr5	21000001	22000000	0.541379
chr5	22000001	23000000	0.533570
chr5	23000001	24000000	0.601820
chr5	24000001	25000000	0.523107
chr5	25000001	26000000	0.446105
chr5	26000001	27000000	0.439528
chr5	27000001	28000000	0.545907
chr5	28000001	29000000	0.447168
chr5	29000001	30000000	0.408247
chr5	30000001	31000000	0.419122
chr5	31000001	32000000	0.481866
chr5	32000001	33000000	0.554490
chr5	33000001	34000000	0.536263
chr5	34000001	35000000	0.601408
chr5	35000001	36000000	0.466333
chr5	36000001	37000000	0.391701
chr5	37000001	38000000	0.516340
chr5	38000001	39000000	0.527113
chr5	39000001	40000000	0.513988
chr5	40000001	41000000	0.511724
chr5	41000001	42000000	0.561792
chr5	42000001	43000000	0.533862
chr5	43000001	44000000	0.484902
chr5	44000001	45000000	0.383249
chr5	45000001	46000000	0.409336
chr5	46000001	47000000	0.366777
chr5	47000001	48000000	0.433937
chr5	48000001	49000000	0.650850
chr5	49000001	50000000	0.720051
chr5	50000001	51000000	0.776462
chr5	51000001	52000000	0.710371
chr5	52000001	53000000	0.659384
chr5	53000001	54000000	0.432961
chr5	54000001	55000000	0.427025
chr5	55000001	56000000	0.539431
chr5	56000001	57000000	0.507951
chr5	57000001	58000000	0.462683
chr5	58000001	59000000	0.434962
chr5	59000001	60000000	0.431746
chr5	60000001	61000000	0.507684
chr5	61000001	62000000	0.444629
chr5	62000001	63000000	0.480898
chr5	63000001	64000000	0.453711
chr5	64000001	65000000	0.438612
chr5	65000001	66000000	0.426475
chr5	66000001	67000000	0.490995
chr5	67000001	68000000	0.395527
chr5	68000001	69000000	0.526092
chr5	69000001	70000000	0.564714
chr5	70000001	71000000	0.491916
chr5	71000001	72000000	0.431131
chr5	72000001	73000000	0.452351
chr5	73000001	74000000	0.497086
chr5	74000001	75000000	0.482981
chr5	75000001	76000000	0.482299
chr5	76000001	77000000	0.586438
chr5	77000001	78000000	0.525790
chr5	78000001	79000000	0.421473
chr5	79000001	80000000	0.490301
chr5	80000001	81000000	0.492830
chr5	81000001	82000000	0.673652
chr5	82000001	83000000	0.518498
chr5	83000001	84000000	0.477052
chr5	84000001	85000000	0.424901
chr5	85000001	85936795	0.374705
chr6	1	1000000	0.525591
chr6	1000001	2000000	0.599851
chr6	2000001	3000000	0.576951
chr6	3000001	4000000	0.550080
chr6	4000001	5000000	0.668653
chr6	5000001	6000000	0.644565
chr6	6000001	7000000	0.495496
chr6	7000001	8000000	0.513089
chr6	8000001	9000000	0.551260
chr6	9000001	10000000	0.518708
chr6	10000001	11000000	0.724545
chr6	11000001	12000000	0.584048
chr6	12000001	13000000	0.556993
chr6	13000001	14000000	0.680563
chr6	14000001	15000000	0.469504
chr6	15000001	16000000	0.537185
chr6	16000001	17000000	0.629114
chr6	17000001	18000000	0.598936
chr6	18000001	19000000	0.515772
chr6	19000001	20000000	0.628204
chr6	20000001	21000000	0.528427
chr6	21000001	22000000	0.582808
chr6	22000001	23000000	0.707654
chr6	23000001	24000000	0.664402
chr6	24000001	25000000	0.578585
chr6	25000001	26000000	0.543844
chr6	26000001	27000000	0.544598
chr6	27000001	28000000	0.505307
chr6	28000001	29000000	0.515877
chr6	29000001	30000000	0.523750
chr6	30000001	31000000	0.575264
chr6	31000001	32000000	0.675558
chr6	32000001	33000000	0.744799
chr6	33000001	34000000	0.677000
chr6	34000001	35000000	0.739545
chr6	35000001	36000000	0.667035
chr6	36000001	37000000	0.722065
chr6	37000001	38000000	0.652323
chr6	38000001	39000000	0.614311
chr6	39000001	40000000	0.679485
chr6	40000001	41000000	0.744375
chr6	41000001	42000000	0.662843
chr6	42000001	43000000	0.579960
chr6	43000001	44000000	0.589511
chr6	44000001	45000000	0.553470
chr6	45000001	46000000	0.558822
chr6	46000001	47000000	0.589855
chr6	47000001	48000000	0.616365
chr6	48000001	49000000	0.617945
chr6	49000001	50000000	0.581326
chr6	50000001	51000000	0.550317
chr6	51000001	52000000	0.563383
chr6	52000001	53000000	0.578342
chr6	53000001	54000000	0.496366
chr6	54000001	55000000	0.288684
chr6	55000001	56000000	0.512472
chr6	56000001	57000000	0.439973
chr6	57000001	58000000	0.398878
chr6	58000001	59000000	0.369618
chr6	59000001	60000000	0.439622
chr6	60000001	61000000	0.588578
chr6	61000001	62000000	0.607161
chr6	62000001	63000000	0.491891
chr6	63000001	64000000	0.627299
chr6	64000001	65000000	0.693705
chr6	65000001	66000000	0.540298
chr6	66000001	67000000	0.674261
chr6	67000001	68000000	0.599478
chr6	68000001	69000000	0.570357
chr6	69000001	70000000	0.466722
chr6	70000001	71000000	0.642330
chr6	71000001	72000000	0.594032
chr6	72000001	73000000	0.600046
chr6	73000001	74000000	0.607006
chr6	74000001	75000000	0.620415
chr6	75000001	76000000	0.705552
chr6	76000001	77000000	0.570032
chr6	77000001	78000000	0.657902
chr6	78000001	79000000	0.619133
chr6	79000001	80000000	0.602994
chr6	80000001	81000000	0.534494
chr6	81000001	82000000	0.838091
chr6	82000001	83000000	0.591809
chr6	83000001	83403605	0.610899
chr7	1	1000000	0.480807
chr7	1000001	2000000	0.501202
chr7	2000001	3000000	0.514561
chr7	3000001	4000000	0.518894
chr7	4000001	5000000	0.589934
chr7	5000001	6000000	0.459704
chr7	6000001	7000000	0.498813
chr7	7000001	8000000	0.522098
chr7	8000001	9000000	0.598907
chr7	9000001	10000000	0.502019
chr7	10000001	11000000	0.478354
chr7	11000001	12000000	0.583939
chr7	12000001	13000000	0.535472
chr7	13000001	14000000	0.587688
chr7	14000001	15000000	0.566074
chr7	15000001	16000000	0.540689
chr7	16000001	17000000	0.474226
chr7	17000001	18000000	0.558791
chr7	18000001	19000000	0.457322
chr7	19000001	20000000	0.577750
chr7	20000001	21000000	0.550879
chr7	21000001	22000000	0.545295
chr7	22000001	23000000	0.624838
chr7	23000001	24000000	0.527992
chr7	24000001	25000000	0.596832
chr7	25000001	26000000	0.521309
chr7	26000001	27000000	0.546664
chr7	27000001	28000000	0.556203
chr7	28000001	29000000	0.371494
chr7	29000001	30000000	0.414729
chr7	30000001	31000000	0.481936
chr7	31000001	32000000	0.622560
chr7	32000001	33000000	0.604967
chr7	33000001	34000000	0.510531
chr7	34000001	35000000	0.400359
chr7	35000001	36000000	0.292646
chr7	36000001	37000000	0.361712
chr7	37000001	38000000	0.429144
chr7	38000001	39000000	0.361511
chr7	39000001	40000000	0.515063
chr7	40000001	41000000	0.494500
chr7	41000001	42000000	0.526466
chr7	42000001	43000000	0.494243
chr7	43000001	44000000	0.519757
chr7	44000001	45000000	0.631222
chr7	45000001	46000000	0.641963
chr7	46000001	47000000	0.641776
chr7	47000001	48000000	0.530217
chr7	48000001	49000000	0.569380
chr7	49000001	50000000	0.580344
chr7	50000001	51000000	0.397212
chr7	51000001	52000000	0.547664
chr7	52000001	53000000	0.575497
chr7	53000001	54000000	0.552548
chr7	54000001	55000000	0.661561
chr7	55000001	56000000	0.560565
chr7	56000001	57000000	0.519553
chr7	57000001	58000000	0.533023
chr7	58000001	59000000	0.483693
chr7	59000001	59286736	0.286009
chr8	1	1000000	0.645904
chr8	1000001	2000000	0.537592
chr8	2000001	3000000	0.706185
chr8	3000001	4000000	0.567136
chr8	4000001	5000000	0.502398
chr8	5000001	6000000	0.575475
chr8	6000001	7000000	0.519603
chr8	7000001	8000000	0.501107
chr8	8000001	9000000	0.512570
chr8	9000001	10000000	0.414755
chr8	10000001	11000000	0.530022
chr8	11000001	12000000	0.621697
chr8	12000001	13000000	0.600037
chr8	13000001	14000000	0.621323
chr8	14000001	15000000	0.492195
chr8	15000001	16000000	0.444006
chr8	16000001	17000000	0.433820
chr8	17000001	18000000	0.436552
chr8	18000001	19000000	0.558561
chr8	19000001	20000000	0.553035
chr8	20000001	21000000	0.488198
chr8	21000001	22000000	0.414182
chr8	22000001	23000000	0.416784
chr8	23000001	24000000	0.299355
chr8	24000001	25000000	0.384812
chr8	25000001	26000000	0.443547
chr8	26000001	27000000	0.483760
chr8	27000001	28000000	0.748816
chr8	28000001	29000000	0.706419
chr8	29000001	30000000	0.565812
chr8	30000001	31000000	0.494343
chr8	31000001	32000000	0.431280
chr8	32000001	33000000	0.404186
chr8	33000001	34000000	0.384265
chr8	34000001	35000000	0.413506
chr8	35000001	36000000	0.420587
chr8	36000001	37000000	0.433003
chr8	37000001	38000000	0.410908
chr8	38000001	39000000	0.521801
chr8	39000001	40000000	0.421755
chr8	40000001	41000000	0.468562
chr8	41000001	42000000	0.419104
chr8	42000001	43000000	0.393698
chr8	43000001	44000000	0.463211
chr8	44000001	45000000	0.444506
chr8	45000001	46000000	0.444079
chr8	46000001	47000000	0.418859
chr8	47000001	48000000	0.590728
chr8	48000001	49000000	0.557099
chr8	49000001	50000000	0.477147
chr8	50000001	51000000	0.403000
chr8	51000001	52000000	0.427097
chr8	52000001	53000000	0.369616
chr8	53000001	54000000	0.507237
chr8	54000001	55000000	0.509903
chr8	55000001	56000000	0.612325
chr8	56000001	57000000	0.400730
chr8	57000001	58000000	0.481157
chr8	58000001	59000000	0.552658
chr8	59000001	60000000	0.559553
chr8	60000001	61000000	0.519223
chr8	61000001	62000000	0.571345
chr8	62000001	63000000	0.408188
chr8	63000001	64000000	0.492588
chr8	64000001	65000000	0.484166
chr8	65000001	66000000	0.439217
chr8	66000001	67000000	0.406655
chr8	67000001	68000000	0.404055
chr8	68000001	69000000	0.542011
chr8	69000001	69389724	0.572657
chr9	1	1000000	0.382952
chr9	1000001	2000000	0.429498
chr9	2000001	3000000	0.388458
chr9	3000001	4000000	0.454334
chr9	4000001	5000000	0.574283
chr9	5000001	6000000	0.558582
chr9	6000001	7000000	0.493660
chr9	7000001	8000000	0.552493
chr9	8000001	9000000	0.473526
chr9	9000001	10000000	0.462735
chr9	10000001	11000000	0.479742
chr9	11000001	12000000	0.543870
chr9	12000001	13000000	0.500148
chr9	13000001	14000000	0.472314
chr9	14000001	15000000	0.506514
chr9	15000001	16000000	0.553217
chr9	16000001	17000000	0.350646
chr9	17000001	18000000	0.622803
chr9	18000001	19000000	0.521174
chr9	19000001	20000000	0.526818
chr9	20000001	21000000	0.560242
chr9	21000001	22000000	0.499096
chr9	22000001	23000000	0.459848
chr9	23000001	24000000	0.518575
chr9	24000001	25000000	0.423085
chr9	25000001	26000000	0.608826
chr9	26000001	27000000	0.494792
chr9	27000001	28000000	0.490258
chr9	28000001	29000000	0.439690
chr9	29000001	30000000	0.498814
chr9	30000001	31000000	0.536766
chr9	31000001	32000000	0.409205
chr9	32000001	33000000	0.404868
chr9	33000001	34000000	0.451836
chr9	34000001	35000000	0.660203
chr9	35000001	36000000	0.433218
chr9	36000001	37000000	0.524870
chr9	37000001	38000000	0.522977
chr9	38000001	39000000	0.552587
chr9	39000001	40000000	0.487464
chr9	40000001	41000000	0.475128
chr9	41000001	42000000	0.410505
chr9	42000001	43000000	0.372081
chr9	43000001	44000000	0.444982
chr9	44000001	45000000	0.492757
chr9	45000001	46000000	0.720792
chr9	46000001	47000000	0.624794
chr9	47000001	48000000	0.498197
chr9	48000001	49000000	0.390723
chr9	49000001	50000000	0.323823
chr9	50000001	51000000	0.404878
chr9	51000001	52000000	0.512020
chr9	52000001	53000000	0.617245
chr9	53000001	54000000	0.329321
chr9	54000001	55000000	0.521998
chr9	55000001	56000000	0.510736
chr9	56000001	57000000	0.527753
chr9	57000001	58000000	0.460722
chr9	58000001	59000000	0.543962
chr9	59000001	60000000	0.500753
chr9	60000001	61000000	0.560421
chr9	61000001	62000000	0.565564
chr9	62000001	63000000	0.625578
chr9	63000001	64000000	0.457996
chr9	64000001	65000000	0.475796
chr9	65000001	66000000	0.494299
chr9	66000001	67000000	0.392289
chr9	67000001	68000000	0.357924
chr9	68000001	68919010	0.603307
