chr1	1	1000000	0.345639
chr1	1000001	2000000	0.384491
chr1	2000001	3000000	0.263139
chr1	3000001	4000000	0.464349
chr1	4000001	5000000	0.586608
chr1	5000001	6000000	0.524316
chr1	6000001	7000000	0.476599
chr1	7000001	8000000	0.450451
chr1	8000001	9000000	0.598404
chr1	9000001	10000000	0.515944
chr1	10000001	11000000	0.405288
chr1	11000001	12000000	0.528367
chr1	12000001	13000000	0.460039
chr1	13000001	14000000	0.376046
chr1	14000001	15000000	0.437321
chr1	15000001	16000000	0.377056
chr1	16000001	17000000	0.240733
chr1	17000001	18000000	0.425084
chr1	18000001	19000000	0.403727
chr1	19000001	20000000	0.350609
chr1	20000001	21000000	0.427079
chr1	21000001	22000000	0.470218
chr1	22000001	23000000	0.394220
chr1	23000001	24000000	0.447318
chr1	24000001	25000000	0.416497
chr1	25000001	26000000	0.349080
chr1	26000001	27000000	0.077484
chr1	27000001	28000000	0.376023
chr1	28000001	29000000	0.568365
chr1	29000001	30000000	0.462721
chr1	30000001	31000000	0.460379
chr1	31000001	32000000	0.412620
chr1	32000001	33000000	0.501302
chr1	33000001	34000000	0.514738
chr1	34000001	35000000	0.467829
chr1	35000001	36000000	0.450275
chr1	36000001	37000000	0.551701
chr1	37000001	38000000	0.535034
chr1	38000001	39000000	0.544571
chr1	39000001	40000000	0.524210
chr1	40000001	41000000	0.400695
chr1	41000001	42000000	0.410307
chr1	42000001	43000000	0.501278
chr1	43000001	44000000	0.552610
chr1	44000001	45000000	0.543701
chr1	45000001	46000000	0.613702
chr1	46000001	47000000	0.668920
chr1	47000001	48000000	0.522129
chr1	48000001	49000000	0.616127
chr1	49000001	50000000	0.499643
chr1	50000001	51000000	0.363201
chr1	51000001	52000000	0.436161
chr1	52000001	53000000	0.343086
chr1	53000001	54000000	0.563757
chr1	54000001	55000000	0.503891
chr1	55000001	56000000	0.436149
chr1	56000001	57000000	0.527119
chr1	57000001	58000000	0.481869
chr1	58000001	59000000	0.321327
chr1	59000001	60000000	0.444430
chr1	60000001	61000000	0.397049
chr1	61000001	62000000	0.572730
chr1	62000001	63000000	0.317071
chr1	63000001	64000000	0.479242
chr1	64000001	65000000	0.413599
chr1	65000001	66000000	0.417790
chr1	66000001	67000000	0.466932
chr1	67000001	68000000	0.420756
chr1	68000001	69000000	0.457642
chr1	69000001	70000000	0.521043
chr1	70000001	71000000	0.531968
chr1	71000001	72000000	0.644799
chr1	72000001	73000000	0.345320
chr1	73000001	74000000	0.421469
chr1	74000001	75000000	0.491201
chr1	75000001	76000000	0.317096
chr1	76000001	77000000	0.582104
chr1	77000001	78000000	0.209541
chr1	78000001	79000000	0.506735
chr1	79000001	80000000	0.312961
chr1	80000001	81000000	0.449682
chr1	81000001	82000000	0.635936
chr1	82000001	83000000	0.462397
chr1	83000001	84000000	0.586664
chr1	84000001	85000000	0.452584
chr1	85000001	86000000	0.385743
chr1	86000001	87000000	0.362377
chr1	87000001	88000000	0.383818
chr1	88000001	89000000	0.318333
chr1	89000001	90000000	0.454682
chr1	90000001	91000000	0.503394
chr1	91000001	92000000	0.544383
chr1	92000001	93000000	0.549443
chr1	93000001	94000000	0.520615
chr1	94000001	95000000	0.439147
chr1	95000001	96000000	0.488131
chr1	96000001	96096873	0.444881
chr10	1	1000000	0.453161
chr10	1000001	2000000	0.459563
chr10	2000001	3000000	0.455835
chr10	3000001	4000000	0.397780
chr10	4000001	5000000	0.511898
chr10	5000001	6000000	0.402007
chr10	6000001	7000000	0.202456
chr10	7000001	8000000	0.208769
chr10	8000001	9000000	0.432390
chr10	9000001	10000000	0.507795
chr10	10000001	11000000	0.492070
chr10	11000001	12000000	0.429972
chr10	12000001	13000000	0.520884
chr10	13000001	14000000	0.304311
chr10	14000001	15000000	0.351349
chr10	15000001	16000000	0.123448
chr10	16000001	17000000	0.234127
chr10	17000001	18000000	0.325720
chr10	18000001	19000000	0.685794
chr10	19000001	20000000	0.365054
chr10	20000001	21000000	0.301568
chr10	21000001	22000000	0.255974
chr10	22000001	23000000	0.498539
chr10	23000001	24000000	0.578929
chr10	24000001	25000000	0.214687
chr10	25000001	26000000	0.356751
chr10	26000001	27000000	0.481228
chr10	27000001	28000000	0.360020
chr10	28000001	29000000	0.365159
chr10	29000001	30000000	0.671746
chr10	30000001	31000000	0.437912
chr10	31000001	32000000	0.410758
chr10	32000001	33000000	0.530343
chr10	33000001	34000000	0.482186
chr10	34000001	35000000	0.705611
chr10	35000001	36000000	0.526031
chr10	36000001	37000000	0.580569
chr10	37000001	38000000	0.249310
chr10	38000001	39000000	0.487277
chr10	39000001	40000000	0.493106
chr10	40000001	41000000	0.354975
chr10	41000001	42000000	0.355188
chr10	42000001	43000000	0.422616
chr10	43000001	44000000	0.283095
chr10	44000001	45000000	0.475967
chr10	45000001	46000000	0.456612
chr10	46000001	47000000	0.546468
chr10	47000001	48000000	0.273360
chr10	48000001	49000000	0.237642
chr10	49000001	50000000	0.119363
chr10	50000001	51000000	0.448873
chr10	51000001	52000000	0.170154
chr10	52000001	53000000	0.411671
chr10	53000001	54000000	0.296203
chr10	54000001	55000000	0.319446
chr10	55000001	56000000	0.282344
chr10	56000001	57000000	0.337902
chr10	57000001	58000000	0.462494
chr10	58000001	59000000	0.351255
chr10	59000001	60000000	0.348338
chr10	60000001	61000000	0.271980
chr10	61000001	62000000	0.477857
chr10	62000001	63000000	0.398267
chr10	63000001	64000000	0.375814
chr10	64000001	65000000	0.185266
chr10	65000001	66000000	0.295016
chr10	66000001	67000000	0.500621
chr10	67000001	68000000	0.541219
chr10	68000001	68053814	0.620378
chr11	1	1000000	0.348596
chr11	1000001	2000000	0.189394
chr11	2000001	3000000	0.439440
chr11	3000001	4000000	0.353073
chr11	4000001	5000000	0.310034
chr11	5000001	6000000	0.307519
chr11	6000001	7000000	0.308178
chr11	7000001	8000000	0.132353
chr11	8000001	9000000	0.095433
chr11	9000001	10000000	0.358573
chr11	10000001	11000000	0.218042
chr11	11000001	12000000	0.331879
chr11	12000001	13000000	0.302306
chr11	13000001	14000000	0.440839
chr11	14000001	15000000	0.490164
chr11	15000001	16000000	0.395737
chr11	16000001	17000000	0.316721
chr11	17000001	18000000	0.182926
chr11	18000001	19000000	0.132746
chr11	19000001	20000000	0.396030
chr11	20000001	21000000	0.137015
chr11	21000001	22000000	0.273098
chr11	22000001	23000000	0.308915
chr11	23000001	24000000	0.157142
chr11	24000001	25000000	0.385109
chr11	25000001	26000000	0.381447
chr11	26000001	27000000	0.510338
chr11	27000001	28000000	0.319153
chr11	28000001	29000000	0.418338
chr11	29000001	30000000	0.491804
chr11	30000001	31000000	0.719563
chr11	31000001	32000000	0.647243
chr11	32000001	33000000	0.594015
chr11	33000001	34000000	0.406799
chr11	34000001	35000000	0.505864
chr11	35000001	36000000	0.329912
chr11	36000001	37000000	0.445475
chr11	37000001	38000000	0.118887
chr11	38000001	39000000	0.254732
chr11	39000001	40000000	0.348800
chr11	40000001	41000000	0.135479
chr11	41000001	42000000	0.182621
chr11	42000001	43000000	0.339997
chr11	43000001	44000000	0.313445
chr11	44000001	45000000	0.257701
chr11	45000001	46000000	0.169313
chr11	46000001	47000000	0.182557
chr11	47000001	48000000	0.312256
chr11	48000001	49000000	0.223826
chr11	49000001	50000000	0.367575
chr11	50000001	51000000	0.552952
chr11	51000001	52000000	0.379250
chr11	52000001	53000000	0.470899
chr11	53000001	54000000	0.550264
chr11	54000001	55000000	0.269253
chr11	55000001	56000000	0.200400
chr11	56000001	57000000	0.233061
chr11	57000001	58000000	0.331457
chr11	58000001	59000000	0.300971
chr11	59000001	60000000	0.476817
chr11	60000001	61000000	0.303573
chr11	61000001	62000000	0.327463
chr11	62000001	63000000	0.317892
chr11	63000001	64000000	0.338315
chr11	64000001	65000000	0.259796
chr11	65000001	66000000	0.430950
chr11	66000001	67000000	0.261771
chr11	67000001	68000000	0.335850
chr11	68000001	69000000	0.185980
chr11	69000001	70000000	0.287247
chr11	70000001	71000000	0.265190
chr11	71000001	72000000	0.375073
chr11	72000001	73000000	0.718351
chr11	73000001	74000000	0.595821
chr11	74000001	75000000	0.243327
chr11	75000001	76000000	0.441058
chr11	76000001	77000000	0.375241
chr11	77000001	78000000	0.231953
chr11	78000001	79000000	0.418372
chr11	79000001	80000000	0.203494
chr11	80000001	81000000	0.140004
chr11	81000001	82000000	0.280243
chr11	82000001	83000000	0.522688
chr11	83000001	84000000	0.120704
chr11	84000001	85000000	0.344021
chr11	85000001	86000000	0.041256
chr11	86000001	87000000	0.097415
chr11	87000001	88000000	0.035924
chr11	88000001	89000000	0.037226
chr11	89000001	89337516	0.110540
chr12	1	1000000	0.202990
chr12	1000001	2000000	0.534013
chr12	2000001	3000000	0.385498
chr12	3000001	4000000	0.527248
chr12	4000001	5000000	0.655024
chr12	5000001	6000000	0.447295
chr12	6000001	7000000	0.560867
chr12	7000001	8000000	0.578261
chr12	8000001	9000000	0.493746
chr12	9000001	10000000	0.310164
chr12	10000001	11000000	0.261376
chr12	11000001	12000000	0.436699
chr12	12000001	13000000	0.637682
chr12	13000001	14000000	0.366614
chr12	14000001	15000000	0.387561
chr12	15000001	16000000	0.314907
chr12	16000001	17000000	0.688502
chr12	17000001	18000000	0.352283
chr12	18000001	19000000	0.307358
chr12	19000001	20000000	0.632271
chr12	20000001	21000000	0.510522
chr12	21000001	22000000	0.457701
chr12	22000001	23000000	0.602525
chr12	23000001	24000000	0.609535
chr12	24000001	25000000	0.585490
chr12	25000001	26000000	0.579813
chr12	26000001	27000000	0.549485
chr12	27000001	28000000	0.551690
chr12	28000001	29000000	0.579879
chr12	29000001	30000000	0.426837
chr12	30000001	31000000	0.630336
chr12	31000001	32000000	0.431587
chr12	32000001	33000000	0.357365
chr12	33000001	34000000	0.513164
chr12	34000001	35000000	0.302131
chr12	35000001	36000000	0.499360
chr12	36000001	37000000	0.470507
chr12	37000001	38000000	0.386702
chr12	38000001	39000000	0.478771
chr12	39000001	40000000	0.336178
chr12	40000001	41000000	0.222338
chr12	41000001	42000000	0.461609
chr12	42000001	43000000	0.572626
chr12	43000001	44000000	0.600983
chr12	44000001	45000000	0.359638
chr12	45000001	46000000	0.544086
chr12	46000001	47000000	0.394157
chr12	47000001	48000000	0.412962
chr12	48000001	49000000	0.617131
chr12	49000001	50000000	0.529144
chr12	50000001	51000000	0.454985
chr12	51000001	52000000	0.575065
chr12	52000001	53000000	0.272078
chr12	53000001	54000000	0.554424
chr12	54000001	55000000	0.323281
chr12	55000001	56000000	0.582814
chr12	56000001	57000000	0.443998
chr12	57000001	58000000	0.569950
chr12	58000001	59000000	0.657828
chr12	59000001	60000000	0.500889
chr12	60000001	61000000	0.643239
chr12	61000001	62000000	0.639463
chr12	62000001	63000000	0.285265
chr12	63000001	64000000	0.639426
chr12	64000001	65000000	0.271782
chr12	65000001	66000000	0.556597
chr12	66000001	67000000	0.421204
chr12	67000001	68000000	0.537696
chr12	68000001	69000000	0.333484
chr12	69000001	70000000	0.428143
chr12	70000001	71000000	0.391423
chr12	71000001	72000000	0.180855
chr12	72000001	73000000	0.303190
chr12	73000001	74000000	0.381297
chr12	74000001	75000000	0.432935
chr12	75000001	76000000	0.482617
chr12	76000001	77000000	0.392273
chr12	77000001	78000000	0.367661
chr12	78000001	79000000	0.327360
chr12	79000001	80000000	0.232668
chr12	80000001	81000000	0.428671
chr12	81000001	81885254	0.342558
chr13	1	1000000	0.448518
chr13	1000001	2000000	0.389687
chr13	2000001	3000000	0.488735
chr13	3000001	4000000	0.493603
chr13	4000001	5000000	0.582953
chr13	5000001	6000000	0.538632
chr13	6000001	7000000	0.485805
chr13	7000001	8000000	0.390973
chr13	8000001	9000000	0.409395
chr13	9000001	10000000	0.367265
chr13	10000001	11000000	0.485362
chr13	11000001	12000000	0.422931
chr13	12000001	13000000	0.559685
chr13	13000001	14000000	0.343855
chr13	14000001	15000000	0.437950
chr13	15000001	16000000	0.482260
chr13	16000001	17000000	0.209563
chr13	17000001	18000000	0.360442
chr13	18000001	19000000	0.346602
chr13	19000001	20000000	0.387105
chr13	20000001	21000000	0.257898
chr13	21000001	22000000	0.458754
chr13	22000001	23000000	0.462652
chr13	23000001	24000000	0.407760
chr13	24000001	25000000	0.225596
chr13	25000001	26000000	0.389765
chr13	26000001	27000000	0.399081
chr13	27000001	28000000	0.472195
chr13	28000001	29000000	0.365126
chr13	29000001	30000000	0.106952
chr13	30000001	31000000	0.337920
chr13	31000001	32000000	0.514362
chr13	32000001	33000000	0.562187
chr13	33000001	34000000	0.599350
chr13	34000001	35000000	0.376842
chr13	35000001	36000000	0.309559
chr13	36000001	37000000	0.513564
chr13	37000001	38000000	0.349793
chr13	38000001	39000000	0.327893
chr13	39000001	40000000	0.317211
chr13	40000001	41000000	0.451130
chr13	41000001	42000000	0.416161
chr13	42000001	43000000	0.651839
chr13	43000001	44000000	0.367609
chr13	44000001	45000000	0.259881
chr13	45000001	46000000	0.703320
chr13	46000001	47000000	0.616791
chr13	47000001	48000000	0.847448
chr13	48000001	49000000	0.585237
chr13	49000001	50000000	0.470007
chr13	50000001	51000000	0.636639
chr13	51000001	52000000	0.221034
chr13	52000001	53000000	0.501149
chr13	53000001	54000000	0.477342
chr13	54000001	55000000	0.362398
chr13	55000001	56000000	0.408655
chr13	56000001	57000000	0.325194
chr13	57000001	58000000	0.361084
chr13	58000001	59000000	0.448836
chr13	59000001	60000000	0.391138
chr13	60000001	61000000	0.430071
chr13	61000001	62000000	0.353293
chr13	62000001	63000000	0.305955
chr13	63000001	64000000	0.310576
chr13	64000001	65000000	0.417400
chr13	65000001	66000000	0.490689
chr13	66000001	67000000	0.364984
chr13	67000001	68000000	0.340396
chr13	68000001	69000000	0.624248
chr13	69000001	70000000	0.584265
chr13	70000001	71000000	0.335351
chr13	71000001	72000000	0.385506
chr13	72000001	73000000	0.386866
chr13	73000001	74000000	0.545302
chr13	74000001	74588556	0.435784
chr14	1	1000000	0.036960
chr14	1000001	2000000	0.133614
chr14	2000001	3000000	0.545447
chr14	3000001	4000000	0.346559
chr14	4000001	5000000	0.334861
chr14	5000001	6000000	0.201157
chr14	6000001	7000000	0.419422
chr14	7000001	8000000	0.567321
chr14	8000001	9000000	0.302581
chr14	9000001	10000000	0.603749
chr14	10000001	11000000	0.517295
chr14	11000001	12000000	0.492310
chr14	12000001	13000000	0.539093
chr14	13000001	14000000	0.103253
chr14	14000001	15000000	0.179937
chr14	15000001	16000000	0.345155
chr14	16000001	17000000	0.587158
chr14	17000001	18000000	0.446114
chr14	18000001	19000000	0.469317
chr14	19000001	20000000	0.499575
chr14	20000001	21000000	0.202734
chr14	21000001	22000000	0.032562
chr14	22000001	23000000	0.461522
chr14	23000001	24000000	0.427462
chr14	24000001	25000000	0.517682
chr14	25000001	26000000	0.395495
chr14	26000001	27000000	0.432465
chr14	27000001	28000000	0.745598
chr14	28000001	29000000	0.378413
chr14	29000001	30000000	0.416198
chr14	30000001	31000000	0.300005
chr14	31000001	32000000	0.454543
chr14	32000001	33000000	0.445722
chr14	33000001	34000000	0.382735
chr14	34000001	35000000	0.686559
chr14	35000001	36000000	0.438594
chr14	36000001	37000000	0.703767
chr14	37000001	38000000	0.503468
chr14	38000001	39000000	0.723550
chr14	39000001	40000000	0.359132
chr14	40000001	41000000	0.440114
chr14	41000001	42000000	0.240003
chr14	42000001	43000000	0.651305
chr14	43000001	44000000	0.506609
chr14	44000001	45000000	0.282971
chr14	45000001	46000000	0.344453
chr14	46000001	47000000	0.368416
chr14	47000001	48000000	0.514830
chr14	48000001	49000000	0.329313
chr14	49000001	50000000	0.628278
chr14	50000001	51000000	0.245876
chr14	51000001	52000000	0.509724
chr14	52000001	53000000	0.470338
chr14	53000001	54000000	0.603540
chr14	54000001	55000000	0.494565
chr14	55000001	56000000	0.469216
chr14	56000001	57000000	0.478451
chr14	57000001	58000000	0.405147
chr14	58000001	59000000	0.551673
chr14	59000001	60000000	0.307515
chr14	60000001	61000000	0.151345
chr14	61000001	62000000	0.545155
chr14	62000001	63000000	0.400060
chr14	63000001	64000000	0.191176
chr14	64000001	65000000	0.344853
chr14	65000001	66000000	0.369972
chr14	66000001	67000000	0.343515
chr14	67000001	68000000	0.233432
chr14	68000001	69000000	0.440141
chr14	69000001	70000000	0.316031
chr14	70000001	71000000	0.397342
chr14	71000001	72000000	0.387481
chr14	72000001	73000000	0.501538
chr14	73000001	74000000	0.533486
chr14	74000001	75000000	0.468186
chr14	75000001	76000000	0.154433
chr14	76000001	77000000	0.184342
chr14	77000001	78000000	0.388023
chr14	78000001	79000000	0.532157
chr14	79000001	80000000	0.355649
chr14	80000001	81000000	0.284115
chr14	81000001	82000000	0.631379
chr14	82000001	83000000	0.547422
chr14	83000001	84000000	0.438777
chr14	84000001	85000000	0.326700
chr14	85000001	86000000	0.192327
chr14	86000001	87000000	0.393054
chr14	87000001	87868007	0.418603
chr15	1	1000000	0.286543
chr15	1000001	2000000	0.533607
chr15	2000001	3000000	0.506570
chr15	3000001	4000000	0.190430
chr15	4000001	5000000	0.561481
chr15	5000001	6000000	0.278206
chr15	6000001	7000000	0.410418
chr15	7000001	8000000	0.317500
chr15	8000001	9000000	0.433653
chr15	9000001	10000000	0.297574
chr15	10000001	11000000	0.209063
chr15	11000001	12000000	0.329736
chr15	12000001	13000000	0.477845
chr15	13000001	14000000	0.406146
chr15	14000001	15000000	0.576563
chr15	15000001	16000000	0.471604
chr15	16000001	17000000	0.438412
chr15	17000001	18000000	0.423833
chr15	18000001	19000000	0.514679
chr15	19000001	20000000	0.557111
chr15	20000001	21000000	0.617083
chr15	21000001	22000000	0.576374
chr15	22000001	23000000	0.365468
chr15	23000001	24000000	0.549739
chr15	24000001	25000000	0.325926
chr15	25000001	26000000	0.544939
chr15	26000001	27000000	0.525380
chr15	27000001	28000000	0.227205
chr15	28000001	29000000	0.354631
chr15	29000001	30000000	0.337856
chr15	30000001	31000000	0.221943
chr15	31000001	32000000	0.241258
chr15	32000001	33000000	0.504244
chr15	33000001	34000000	0.383985
chr15	34000001	35000000	0.328413
chr15	35000001	36000000	0.281218
chr15	36000001	37000000	0.565064
chr15	37000001	38000000	0.393916
chr15	38000001	39000000	0.246951
chr15	39000001	40000000	0.308553
chr15	40000001	41000000	0.389255
chr15	41000001	42000000	0.290813
chr15	42000001	43000000	0.455675
chr15	43000001	44000000	0.453517
chr15	44000001	45000000	0.600999
chr15	45000001	46000000	0.446398
chr15	46000001	47000000	0.205922
chr15	47000001	48000000	0.241847
chr15	48000001	49000000	0.545670
chr15	49000001	50000000	0.431330
chr15	50000001	51000000	0.290366
chr15	51000001	52000000	0.452426
chr15	52000001	53000000	0.537696
chr15	53000001	54000000	0.351418
chr15	54000001	55000000	0.355259
chr15	55000001	56000000	0.340226
chr15	56000001	57000000	0.338212
chr15	57000001	58000000	0.298679
chr15	58000001	59000000	0.380121
chr15	59000001	60000000	0.250447
chr15	60000001	61000000	0.517233
chr15	61000001	62000000	0.571903
chr15	62000001	63000000	0.339114
chr15	63000001	64000000	0.021041
chr15	64000001	65000000	0.242652
chr15	65000001	66000000	0.447894
chr15	66000001	67000000	0.218053
chr15	67000001	68000000	0.420885
chr15	68000001	69000000	0.463851
chr15	69000001	70000000	0.561826
chr15	70000001	71000000	0.537714
chr15	71000001	71825820	0.474266
chr16	1	1000000	0.252870
chr16	1000001	2000000	0.688782
chr16	2000001	3000000	0.466732
chr16	3000001	4000000	0.287037
chr16	4000001	5000000	0.463021
chr16	5000001	6000000	0.484582
chr16	6000001	7000000	0.533205
chr16	7000001	8000000	0.468376
chr16	8000001	9000000	0.517389
chr16	9000001	10000000	0.395509
chr16	10000001	11000000	0.475700
chr16	11000001	12000000	0.351547
chr16	12000001	13000000	0.180604
chr16	13000001	14000000	0.224784
chr16	14000001	15000000	0.428049
chr16	15000001	16000000	0.363363
chr16	16000001	17000000	0.420203
chr16	17000001	18000000	0.439056
chr16	18000001	19000000	0.434147
chr16	19000001	20000000	0.401361
chr16	20000001	21000000	0.525881
chr16	21000001	22000000	0.534406
chr16	22000001	23000000	0.696965
chr16	23000001	24000000	0.468365
chr16	24000001	25000000	0.428607
chr16	25000001	26000000	0.321802
chr16	26000001	27000000	0.231110
chr16	27000001	28000000	0.614840
chr16	28000001	29000000	0.639499
chr16	29000001	30000000	0.556238
chr16	30000001	31000000	0.425214
chr16	31000001	32000000	0.476678
chr16	32000001	33000000	0.365121
chr16	33000001	34000000	0.477992
chr16	34000001	35000000	0.418706
chr16	35000001	36000000	0.603658
chr16	36000001	37000000	0.327341
chr16	37000001	38000000	0.144898
chr16	38000001	39000000	0.583358
chr16	39000001	40000000	0.555955
chr16	40000001	41000000	0.457188
chr16	41000001	42000000	0.228145
chr16	42000001	43000000	0.456979
chr16	43000001	44000000	0.415678
chr16	44000001	45000000	0.420189
chr16	45000001	46000000	0.338148
chr16	46000001	47000000	0.389918
chr16	47000001	48000000	0.627695
chr16	48000001	49000000	0.526964
chr16	49000001	50000000	0.373241
chr16	50000001	51000000	0.471767
chr16	51000001	52000000	0.386059
chr16	52000001	53000000	0.409897
chr16	53000001	54000000	0.303018
chr16	54000001	55000000	0.407483
chr16	55000001	56000000	0.626530
chr16	56000001	57000000	0.419977
chr16	57000001	58000000	0.472151
chr16	58000001	59000000	0.390042
chr16	59000001	60000000	0.473737
chr16	60000001	61000000	0.302233
chr16	61000001	62000000	0.576666
chr16	62000001	63000000	0.479696
chr16	63000001	64000000	0.686912
chr16	64000001	65000000	0.364501
chr16	65000001	66000000	0.726261
chr16	66000001	67000000	0.388291
chr16	67000001	68000000	0.627071
chr16	68000001	69000000	0.373906
chr16	69000001	70000000	0.687356
chr16	70000001	71000000	0.502684
chr16	71000001	72000000	0.308275
chr16	72000001	73000000	0.595121
chr16	73000001	74000000	0.407603
chr16	74000001	75000000	0.536483
chr16	75000001	76000000	0.407734
chr16	76000001	77000000	0.272234
chr16	77000001	78000000	0.440529
chr16	78000001	79000000	0.433323
chr16	79000001	80000000	0.411484
chr16	80000001	81000000	0.542892
chr16	81000001	82000000	0.438212
chr16	82000001	83000000	0.501443
chr16	83000001	84000000	0.351354
chr16	84000001	85000000	0.518602
chr16	85000001	86000000	0.621176
chr16	86000001	87000000	0.392424
chr16	87000001	88000000	0.322133
chr16	88000001	89000000	0.456938
chr16	89000001	89231009	0.137029
chr17	1	1000000	0.169115
chr17	1000001	2000000	0.218508
chr17	2000001	3000000	0.252871
chr17	3000001	4000000	0.240673
chr17	4000001	5000000	0.468091
chr17	5000001	6000000	0.328129
chr17	6000001	7000000	0.406350
chr17	7000001	8000000	0.389606
chr17	8000001	9000000	0.443156
chr17	9000001	10000000	0.430965
chr17	10000001	11000000	0.184351
chr17	11000001	12000000	0.203608
chr17	12000001	13000000	0.392985
chr17	13000001	14000000	0.437648
chr17	14000001	15000000	0.611170
chr17	15000001	16000000	0.582835
chr17	16000001	17000000	0.393987
chr17	17000001	18000000	0.240513
chr17	18000001	19000000	0.203756
chr17	19000001	20000000	0.389822
chr17	20000001	21000000	0.204496
chr17	21000001	22000000	0.097773
chr17	22000001	23000000	0.414804
chr17	23000001	24000000	0.278482
chr17	24000001	25000000	0.490431
chr17	25000001	26000000	0.426731
chr17	26000001	27000000	0.090585
chr17	27000001	28000000	0.293624
chr17	28000001	29000000	0.257280
chr17	29000001	30000000	0.550744
chr17	30000001	31000000	0.530007
chr17	31000001	32000000	0.373800
chr17	32000001	33000000	0.337344
chr17	33000001	34000000	0.524796
chr17	34000001	35000000	0.362964
chr17	35000001	36000000	0.428359
chr17	36000001	37000000	0.454265
chr17	37000001	38000000	0.310410
chr17	38000001	39000000	0.189124
chr17	39000001	40000000	0.309010
chr17	40000001	41000000	0.342654
chr17	41000001	42000000	0.154088
chr17	42000001	43000000	0.170924
chr17	43000001	44000000	0.126054
chr17	44000001	45000000	0.179342
chr17	45000001	46000000	0.369351
chr17	46000001	47000000	0.571655
chr17	47000001	48000000	0.231577
chr17	48000001	49000000	0.406343
chr17	49000001	50000000	0.355307
chr17	50000001	51000000	0.507895
chr17	51000001	52000000	0.474071
chr17	52000001	53000000	0.362166
chr17	53000001	54000000	0.345354
chr17	54000001	55000000	0.209592
chr17	55000001	56000000	0.435507
chr17	56000001	57000000	0.430957
chr17	57000001	58000000	0.574545
chr17	58000001	59000000	0.393004
chr17	59000001	60000000	0.372620
chr17	60000001	61000000	0.435321
chr17	61000001	61724274	0.211666
chr18	1	1000000	0.453188
chr18	1000001	2000000	0.482818
chr18	2000001	3000000	0.328545
chr18	3000001	4000000	0.312567
chr18	4000001	5000000	0.358578
chr18	5000001	6000000	0.357869
chr18	6000001	7000000	0.321611
chr18	7000001	8000000	0.320785
chr18	8000001	9000000	0.200779
chr18	9000001	10000000	0.462866
chr18	10000001	11000000	0.546560
chr18	11000001	12000000	0.601954
chr18	12000001	13000000	0.591260
chr18	13000001	14000000	0.187239
chr18	14000001	15000000	0.398058
chr18	15000001	16000000	0.418032
chr18	16000001	17000000	0.258710
chr18	17000001	18000000	0.320256
chr18	18000001	19000000	0.473666
chr18	19000001	20000000	0.230041
chr18	20000001	21000000	0.387815
chr18	21000001	22000000	0.564767
chr18	22000001	23000000	0.604916
chr18	23000001	24000000	0.315102
chr18	24000001	25000000	0.592590
chr18	25000001	26000000	0.561601
chr18	26000001	27000000	0.560579
chr18	27000001	28000000	0.372063
chr18	28000001	29000000	0.732249
chr18	29000001	30000000	0.489128
chr18	30000001	31000000	0.133397
chr18	31000001	32000000	0.574368
chr18	32000001	33000000	0.608649
chr18	33000001	34000000	0.356922
chr18	34000001	35000000	0.366365
chr18	35000001	36000000	0.423360
chr18	36000001	37000000	0.415284
chr18	37000001	38000000	0.305014
chr18	38000001	39000000	0.494489
chr18	39000001	40000000	0.571529
chr18	40000001	41000000	0.712740
chr18	41000001	42000000	0.338542
chr18	42000001	43000000	0.351465
chr18	43000001	44000000	0.334272
chr18	44000001	45000000	0.247189
chr18	45000001	46000000	0.514145
chr18	46000001	47000000	0.400372
chr18	47000001	48000000	0.413585
chr18	48000001	49000000	0.621458
chr18	49000001	50000000	0.286933
chr18	50000001	51000000	0.633715
chr18	51000001	52000000	0.543450
chr18	52000001	53000000	0.534187
chr18	53000001	54000000	0.263647
chr18	54000001	55000000	0.378414
chr18	55000001	56000000	0.378977
chr18	56000001	57000000	0.374254
chr18	57000001	58000000	0.342813
chr18	58000001	59000000	0.466253
chr18	59000001	60000000	0.586711
chr18	60000001	61000000	0.435443
chr18	61000001	62000000	0.371241
chr18	62000001	63000000	0.321409
chr18	63000001	64000000	0.413994
chr18	64000001	65000000	0.574489
chr18	65000001	66000000	0.473970
chr18	66000001	67000000	0.548881
chr18	67000001	68000000	0.504593
chr18	68000001	69000000	0.211320
chr18	69000001	70000000	0.477143
chr18	70000001	70111946	0.730263
chr2	1	1000000	0.306395
chr2	1000001	2000000	0.172310
chr2	2000001	3000000	0.157444
chr2	3000001	4000000	0.130178
chr2	4000001	5000000	0.111755
chr2	5000001	6000000	0.365947
chr2	6000001	7000000	0.155670
chr2	7000001	8000000	0.046383
chr2	8000001	9000000	0.148764
chr2	9000001	10000000	0.053208
chr2	10000001	11000000	0.031088
chr2	11000001	12000000	0.024569
chr2	12000001	13000000	0.039678
chr2	13000001	14000000	0.028123
chr2	14000001	15000000	0.035617
chr2	15000001	16000000	0.082856
chr2	16000001	17000000	0.158193
chr2	17000001	18000000	0.223582
chr2	18000001	19000000	0.119370
chr2	19000001	20000000	0.288768
chr2	20000001	21000000	0.076597
chr2	21000001	22000000	0.112737
chr2	22000001	23000000	0.180858
chr2	23000001	24000000	0.174347
chr2	24000001	25000000	0.329100
chr2	25000001	26000000	0.217292
chr2	26000001	27000000	0.245814
chr2	27000001	28000000	0.191588
chr2	28000001	29000000	0.501816
chr2	29000001	30000000	0.130564
chr2	30000001	31000000	0.070691
chr2	31000001	32000000	0.303976
chr2	32000001	33000000	0.501933
chr2	33000001	34000000	0.365533
chr2	34000001	35000000	0.256222
chr2	35000001	36000000	0.118883
chr2	36000001	37000000	0.315129
chr2	37000001	38000000	0.553226
chr2	38000001	39000000	0.401714
chr2	39000001	40000000	0.483183
chr2	40000001	41000000	0.607135
chr2	41000001	42000000	0.242981
chr2	42000001	43000000	0.273814
chr2	43000001	44000000	0.372213
chr2	44000001	45000000	0.446472
chr2	45000001	46000000	0.220954
chr2	46000001	47000000	0.270659
chr2	47000001	48000000	0.349961
chr2	48000001	49000000	0.179810
chr2	49000001	50000000	0.246688
chr2	50000001	51000000	0.278750
chr2	51000001	52000000	0.314256
chr2	52000001	53000000	0.439864
chr2	53000001	54000000	0.254378
chr2	54000001	55000000	0.340671
chr2	55000001	56000000	0.346333
chr2	56000001	57000000	0.437455
chr2	57000001	58000000	0.264990
chr2	58000001	59000000	0.365224
chr2	59000001	60000000	0.330135
chr2	60000001	61000000	0.114487
chr2	61000001	61727229	0.094210
chr3	1	1000000	0.285128
chr3	1000001	2000000	0.730107
chr3	2000001	3000000	0.183761
chr3	3000001	4000000	0.512246
chr3	4000001	5000000	0.316592
chr3	5000001	6000000	0.427062
chr3	6000001	7000000	0.471733
chr3	7000001	8000000	0.387559
chr3	8000001	9000000	0.518630
chr3	9000001	10000000	0.421372
chr3	10000001	11000000	0.440215
chr3	11000001	12000000	0.504659
chr3	12000001	13000000	0.408272
chr3	13000001	14000000	0.431659
chr3	14000001	15000000	0.546465
chr3	15000001	16000000	0.200808
chr3	16000001	17000000	0.421615
chr3	17000001	18000000	0.382253
chr3	18000001	19000000	0.597404
chr3	19000001	20000000	0.528611
chr3	20000001	21000000	0.356880
chr3	21000001	22000000	0.446088
chr3	22000001	23000000	0.317158
chr3	23000001	24000000	0.493982
chr3	24000001	25000000	0.445346
chr3	25000001	26000000	0.333888
chr3	26000001	27000000	0.675293
chr3	27000001	28000000	0.715248
chr3	28000001	29000000	0.611369
chr3	29000001	30000000	0.481035
chr3	30000001	31000000	0.547980
chr3	31000001	32000000	0.258798
chr3	32000001	33000000	0.123390
chr3	33000001	34000000	0.252660
chr3	34000001	35000000	0.513629
chr3	35000001	36000000	0.490292
chr3	36000001	37000000	0.078889
chr3	37000001	38000000	0.269338
chr3	38000001	39000000	0.269370
chr3	39000001	40000000	0.230802
chr3	40000001	41000000	0.550772
chr3	41000001	42000000	0.454099
chr3	42000001	43000000	0.534852
chr3	43000001	44000000	0.275283
chr3	44000001	45000000	0.473125
chr3	45000001	46000000	0.529064
chr3	46000001	47000000	0.201366
chr3	47000001	48000000	0.340624
chr3	48000001	49000000	0.483081
chr3	49000001	50000000	0.402559
chr3	50000001	51000000	0.550323
chr3	51000001	52000000	0.851110
chr3	52000001	53000000	0.516918
chr3	53000001	54000000	0.562449
chr3	54000001	55000000	0.209962
chr3	55000001	56000000	0.280300
chr3	56000001	57000000	0.262190
chr3	57000001	58000000	0.361769
chr3	58000001	59000000	0.568436
chr3	59000001	60000000	0.549554
chr3	60000001	61000000	0.184195
chr3	61000001	62000000	0.458288
chr3	62000001	63000000	0.549229
chr3	63000001	64000000	0.556175
chr3	64000001	65000000	0.388315
chr3	65000001	66000000	0.156696
chr3	66000001	67000000	0.518119
chr3	67000001	68000000	0.451818
chr3	68000001	69000000	0.284131
chr3	69000001	70000000	0.341186
chr3	70000001	71000000	0.469200
chr3	71000001	72000000	0.364989
chr3	72000001	73000000	0.431588
chr3	73000001	74000000	0.458312
chr3	74000001	75000000	0.547550
chr3	75000001	76000000	0.539954
chr3	76000001	77000000	0.425545
chr3	77000001	78000000	0.290653
chr3	78000001	79000000	0.210365
chr3	79000001	80000000	0.498273
chr3	80000001	81000000	0.504533
chr3	81000001	82000000	0.411199
chr3	82000001	83000000	0.476493
chr3	83000001	84000000	0.457080
chr3	84000001	85000000	0.515742
chr3	85000001	86000000	0.470113
chr3	86000001	86823602	0.249596
chr4	1	1000000	0.287687
chr4	1000001	2000000	0.288226
chr4	2000001	3000000	0.382974
chr4	3000001	4000000	0.375642
chr4	4000001	5000000	0.287703
chr4	5000001	6000000	0.195967
chr4	6000001	7000000	0.598670
chr4	7000001	8000000	0.337682
chr4	8000001	9000000	0.231741
chr4	9000001	10000000	0.281527
chr4	10000001	11000000	0.361188
chr4	11000001	12000000	0.474096
chr4	12000001	13000000	0.489688
chr4	13000001	14000000	0.520012
chr4	14000001	15000000	0.487819
chr4	15000001	16000000	0.466759
chr4	16000001	17000000	0.474584
chr4	17000001	18000000	0.481477
chr4	18000001	19000000	0.666386
chr4	19000001	20000000	0.341673
chr4	20000001	21000000	0.534710
chr4	21000001	22000000	0.490400
chr4	22000001	23000000	0.628758
chr4	23000001	24000000	0.476163
chr4	24000001	25000000	0.374469
chr4	25000001	26000000	0.452845
chr4	26000001	27000000	0.323417
chr4	27000001	28000000	0.508061
chr4	28000001	29000000	0.449454
chr4	29000001	30000000	0.422976
chr4	30000001	31000000	0.380179
chr4	31000001	32000000	0.344761
chr4	32000001	33000000	0.199356
chr4	33000001	34000000	0.181850
chr4	34000001	35000000	0.220358
chr4	35000001	36000000	0.506085
chr4	36000001	37000000	0.495092
chr4	37000001	38000000	0.647881
chr4	38000001	39000000	0.293759
chr4	39000001	40000000	0.233123
chr4	40000001	41000000	0.537183
chr4	41000001	42000000	0.361439
chr4	42000001	43000000	0.207472
chr4	43000001	44000000	0.359451
chr4	44000001	45000000	0.256046
chr4	45000001	46000000	0.434352
chr4	46000001	47000000	0.231390
chr4	47000001	48000000	0.560919
chr4	48000001	49000000	0.519762
chr4	49000001	50000000	0.261535
chr4	50000001	51000000	0.371722
chr4	51000001	52000000	0.361761
chr4	52000001	53000000	0.418941
chr4	53000001	54000000	0.521991
chr4	54000001	55000000	0.392669
chr4	55000001	56000000	0.516953
chr4	56000001	57000000	0.259706
chr4	57000001	58000000	0.271435
chr4	58000001	59000000	0.310110
chr4	59000001	60000000	0.082251
chr4	60000001	61000000	0.215791
chr4	61000001	62000000	0.328244
chr4	62000001	62554782	0.082369
chr5	1	1000000	0.456705
chr5	1000001	2000000	0.352268
chr5	2000001	3000000	0.279914
chr5	3000001	4000000	0.057721
chr5	4000001	5000000	0.133120
chr5	5000001	6000000	0.353139
chr5	6000001	7000000	0.272240
chr5	7000001	8000000	0.235406
chr5	8000001	9000000	0.181498
chr5	9000001	10000000	0.345301
chr5	10000001	11000000	0.282872
chr5	11000001	12000000	0.439569
chr5	12000001	13000000	0.519394
chr5	13000001	14000000	0.341955
chr5	14000001	15000000	0.370799
chr5	15000001	16000000	0.195707
chr5	16000001	17000000	0.443723
chr5	17000001	18000000	0.471557
chr5	18000001	19000000	0.234934
chr5	19000001	20000000	0.408053
chr5	20000001	21000000	0.189468
chr5	21000001	22000000	0.547513
chr5	22000001	23000000	0.313792
chr5	23000001	24000000	0.383067
chr5	24000001	25000000	0.349569
chr5	25000001	26000000	0.541250
chr5	26000001	27000000	0.480636
chr5	27000001	28000000	0.143171
chr5	28000001	29000000	0.404998
chr5	29000001	30000000	0.285408
chr5	30000001	31000000	0.498121
chr5	31000001	32000000	0.464826
chr5	32000001	33000000	0.352991
chr5	33000001	34000000	0.236158
chr5	34000001	35000000	0.468380
chr5	35000001	36000000	0.558797
chr5	36000001	37000000	0.293994
chr5	37000001	38000000	0.363112
chr5	38000001	39000000	0.294524
chr5	39000001	40000000	0.478914
chr5	40000001	41000000	0.555262
chr5	41000001	42000000	0.373492
chr5	42000001	43000000	0.417281
chr5	43000001	44000000	0.491226
chr5	44000001	45000000	0.438799
chr5	45000001	46000000	0.713041
chr5	46000001	47000000	0.582158
chr5	47000001	48000000	0.593732
chr5	48000001	49000000	0.509644
chr5	49000001	50000000	0.550487
chr5	50000001	51000000	0.403865
chr5	51000001	52000000	0.260732
chr5	52000001	53000000	0.351574
chr5	53000001	54000000	0.449504
chr5	54000001	55000000	0.527287
chr5	55000001	56000000	0.390363
chr5	56000001	57000000	0.341089
chr5	57000001	58000000	0.437944
chr5	58000001	59000000	0.664101
chr5	59000001	60000000	0.494554
chr5	60000001	61000000	0.446074
chr5	61000001	62000000	0.373984
chr5	62000001	63000000	0.465645
chr5	63000001	64000000	0.746641
chr5	64000001	65000000	0.473151
chr5	65000001	66000000	0.527507
chr5	66000001	67000000	0.443140
chr5	67000001	68000000	0.562347
chr5	68000001	69000000	0.381384
chr5	69000001	70000000	0.489458
chr5	70000001	71000000	0.393518
chr5	71000001	72000000	0.280555
chr5	72000001	73000000	0.339893
chr5	73000001	74000000	0.358422
chr5	74000001	75000000	0.544387
chr5	75000001	76000000	0.565248
chr5	76000001	77000000	0.444287
chr5	77000001	78000000	0.249690
chr5	78000001	79000000	0.513889
chr5	79000001	80000000	0.401063
chr5	80000001	81000000	0.244287
chr5	81000001	82000000	0.216115
chr5	82000001	83000000	0.383717
chr5	83000001	84000000	0.586367
chr5	84000001	85000000	0.431690
chr5	85000001	85936795	0.463214
chr6	1	1000000	0.113770
chr6	1000001	2000000	0.261043
chr6	2000001	3000000	0.113505
chr6	3000001	4000000	0.454996
chr6	4000001	5000000	0.140900
chr6	5000001	6000000	0.367295
chr6	6000001	7000000	0.301426
chr6	7000001	8000000	0.285715
chr6	8000001	9000000	0.383653
chr6	9000001	10000000	0.230598
chr6	10000001	11000000	0.061942
chr6	11000001	12000000	0.299771
chr6	12000001	13000000	0.268654
chr6	13000001	14000000	0.050908
chr6	14000001	15000000	0.002594
chr6	15000001	16000000	0.154220
chr6	16000001	17000000	0.065200
chr6	17000001	18000000	0.193210
chr6	18000001	19000000	0.168943
chr6	19000001	20000000	0.245740
chr6	20000001	21000000	0.258264
chr6	21000001	22000000	0.382329
chr6	22000001	23000000	0.152544
chr6	23000001	24000000	0.158331
chr6	24000001	25000000	0.076029
chr6	25000001	26000000	0.220691
chr6	26000001	27000000	0.229743
chr6	27000001	28000000	0.149731
chr6	28000001	29000000	0.266071
chr6	29000001	30000000	0.230116
chr6	30000001	31000000	0.125640
chr6	31000001	32000000	0.222929
chr6	32000001	33000000	0.141178
chr6	33000001	34000000	0.054841
chr6	34000001	35000000	0.002995
chr6	35000001	36000000	0.008079
chr6	36000001	37000000	0.032362
chr6	37000001	38000000	0.071153
chr6	38000001	39000000	0.093487
chr6	39000001	40000000	0.092270
chr6	40000001	41000000	0.137216
chr6	41000001	42000000	0.237142
chr6	42000001	43000000	0.353632
chr6	43000001	44000000	0.435754
chr6	44000001	45000000	0.104596
chr6	45000001	46000000	0.294252
chr6	46000001	47000000	0.399617
chr6	47000001	48000000	0.397073
chr6	48000001	49000000	0.216003
chr6	49000001	50000000	0.197709
chr6	50000001	51000000	0.210433
chr6	51000001	52000000	0.167993
chr6	52000001	53000000	0.294609
chr6	53000001	54000000	0.334185
chr6	54000001	55000000	0.250681
chr6	55000001	56000000	0.157704
chr6	56000001	57000000	0.334843
chr6	57000001	58000000	0.543022
chr6	58000001	59000000	0.164501
chr6	59000001	60000000	0.249871
chr6	60000001	61000000	0.188196
chr6	61000001	62000000	0.316555
chr6	62000001	63000000	0.398260
chr6	63000001	64000000	0.304298
chr6	64000001	65000000	0.316743
chr6	65000001	66000000	0.270908
chr6	66000001	67000000	0.166229
chr6	67000001	68000000	0.044828
chr6	68000001	69000000	0.155654
chr6	69000001	70000000	0.075669
chr6	70000001	71000000	0.281051
chr6	71000001	72000000	0.329357
chr6	72000001	73000000	0.219131
chr6	73000001	74000000	0.124918
chr6	74000001	75000000	0.244738
chr6	75000001	76000000	0.205106
chr6	76000001	77000000	0.261557
chr6	77000001	78000000	0.293867
chr6	78000001	79000000	0.452588
chr6	79000001	80000000	0.180979
chr6	80000001	81000000	0.285871
chr6	81000001	82000000	0.095479
chr6	82000001	83000000	0.261762
chr6	83000001	83403605	0.084117
chr7	1	1000000	0.283816
chr7	1000001	2000000	0.449463
chr7	2000001	3000000	0.370843
chr7	3000001	4000000	0.550499
chr7	4000001	5000000	0.305092
chr7	5000001	6000000	0.398550
chr7	6000001	7000000	0.279261
chr7	7000001	8000000	0.415192
chr7	8000001	9000000	0.408826
chr7	9000001	10000000	0.377859
chr7	10000001	11000000	0.540335
chr7	11000001	12000000	0.283269
chr7	12000001	13000000	0.251623
chr7	13000001	14000000	0.159829
chr7	14000001	15000000	0.264842
chr7	15000001	16000000	0.362197
chr7	16000001	17000000	0.336950
chr7	17000001	18000000	0.394582
chr7	18000001	19000000	0.498279
chr7	19000001	20000000	0.303498
chr7	20000001	21000000	0.144199
chr7	21000001	22000000	0.376382
chr7	22000001	23000000	0.440852
chr7	23000001	24000000	0.514272
chr7	24000001	25000000	0.506639
chr7	25000001	26000000	0.257355
chr7	26000001	27000000	0.549917
chr7	27000001	28000000	0.349614
chr7	28000001	29000000	0.591711
chr7	29000001	30000000	0.638970
chr7	30000001	31000000	0.376932
chr7	31000001	32000000	0.433155
chr7	32000001	33000000	0.471538
chr7	33000001	34000000	0.316501
chr7	34000001	35000000	0.614518
chr7	35000001	36000000	0.528307
chr7	36000001	37000000	0.466164
chr7	37000001	38000000	0.255306
chr7	38000001	39000000	0.562085
chr7	39000001	40000000	0.090352
chr7	40000001	41000000	0.385580
chr7	41000001	42000000	0.327132
chr7	42000001	43000000	0.365807
chr7	43000001	44000000	0.536536
chr7	44000001	45000000	0.273059
chr7	45000001	46000000	0.275778
chr7	46000001	47000000	0.099757
chr7	47000001	48000000	0.302054
chr7	48000001	49000000	0.316467
chr7	49000001	50000000	0.222115
chr7	50000001	51000000	0.410750
chr7	51000001	52000000	0.615794
chr7	52000001	53000000	0.448126
chr7	53000001	54000000	0.363407
chr7	54000001	55000000	0.230311
chr7	55000001	56000000	0.300745
chr7	56000001	57000000	0.305744
chr7	57000001	58000000	0.402851
chr7	58000001	59000000	0.391528
chr7	59000001	59286736	0.265802
chr8	1	1000000	0.360672
chr8	1000001	2000000	0.390473
chr8	2000001	3000000	0.163668
chr8	3000001	4000000	0.273432
chr8	4000001	5000000	0.250449
chr8	5000001	6000000	0.309560
chr8	6000001	7000000	0.444831
chr8	7000001	8000000	0.522125
chr8	8000001	9000000	0.542566
chr8	9000001	10000000	0.485633
chr8	10000001	11000000	0.445275
chr8	11000001	12000000	0.390475
chr8	12000001	13000000	0.387971
chr8	13000001	14000000	0.276879
chr8	14000001	15000000	0.420408
chr8	15000001	16000000	0.518351
chr8	16000001	17000000	0.526060
chr8	17000001	18000000	0.188202
chr8	18000001	19000000	0.377068
chr8	19000001	20000000	0.146317
chr8	20000001	21000000	0.258582
chr8	21000001	22000000	0.415158
chr8	22000001	23000000	0.180401
chr8	23000001	24000000	0.748790
chr8	24000001	25000000	0.477192
chr8	25000001	26000000	0.414194
chr8	26000001	27000000	0.514765
chr8	27000001	28000000	0.508138
chr8	28000001	29000000	0.326931
chr8	29000001	30000000	0.364085
chr8	30000001	31000000	0.271726
chr8	31000001	32000000	0.320052
chr8	32000001	33000000	0.562565
chr8	33000001	34000000	0.330880
chr8	34000001	35000000	0.290846
chr8	35000001	36000000	0.155659
chr8	36000001	37000000	0.331223
chr8	37000001	38000000	0.331045
chr8	38000001	39000000	0.382062
chr8	39000001	40000000	0.326453
chr8	40000001	41000000	0.615650
chr8	41000001	42000000	0.342695
chr8	42000001	43000000	0.261102
chr8	43000001	44000000	0.440552
chr8	44000001	45000000	0.572944
chr8	45000001	46000000	0.382877
chr8	46000001	47000000	0.406356
chr8	47000001	48000000	0.337557
chr8	48000001	49000000	0.292814
chr8	49000001	50000000	0.425490
chr8	50000001	51000000	0.134262
chr8	51000001	52000000	0.343452
chr8	52000001	53000000	0.363506
chr8	53000001	54000000	0.345038
chr8	54000001	55000000	0.336147
chr8	55000001	56000000	0.440037
chr8	56000001	57000000	0.502523
chr8	57000001	58000000	0.424977
chr8	58000001	59000000	0.228341
chr8	59000001	60000000	0.364087
chr8	60000001	61000000	0.458456
chr8	61000001	62000000	0.095863
chr8	62000001	63000000	0.398325
chr8	63000001	64000000	0.311976
chr8	64000001	65000000	0.252101
chr8	65000001	66000000	0.419778
chr8	66000001	67000000	0.408901
chr8	67000001	68000000	0.405653
chr8	68000001	69000000	0.360593
chr8	69000001	69389724	0.071130
chr9	1	1000000	0.562761
chr9	1000001	2000000	0.502050
chr9	2000001	3000000	0.391372
chr9	3000001	4000000	0.148838
chr9	4000001	5000000	0.276560
chr9	5000001	6000000	0.395039
chr9	6000001	7000000	0.702501
chr9	7000001	8000000	0.455752
chr9	8000001	9000000	0.297156
chr9	9000001	10000000	0.419356
chr9	10000001	11000000	0.260770
chr9	11000001	12000000	0.271661
chr9	12000001	13000000	0.541581
chr9	13000001	14000000	0.301266
chr9	14000001	15000000	0.276660
chr9	15000001	16000000	0.336682
chr9	16000001	17000000	0.222874
chr9	17000001	18000000	0.055617
chr9	18000001	19000000	0.283159
chr9	19000001	20000000	0.329819
chr9	20000001	21000000	0.486830
chr9	21000001	22000000	0.308475
chr9	22000001	23000000	0.248865
chr9	23000001	24000000	0.345045
chr9	24000001	25000000	0.235605
chr9	25000001	26000000	0.233109
chr9	26000001	27000000	0.357872
chr9	27000001	28000000	0.394591
chr9	28000001	29000000	0.486876
chr9	29000001	30000000	0.482649
chr9	30000001	31000000	0.396876
chr9	31000001	32000000	0.352917
chr9	32000001	33000000	0.578205
chr9	33000001	34000000	0.589664
chr9	34000001	35000000	0.135051
chr9	35000001	36000000	0.443683
chr9	36000001	37000000	0.423993
chr9	37000001	38000000	0.403397
chr9	38000001	39000000	0.394596
chr9	39000001	40000000	0.475094
chr9	40000001	41000000	0.433869
chr9	41000001	42000000	0.573991
chr9	42000001	43000000	0.630531
chr9	43000001	44000000	0.452901
chr9	44000001	45000000	0.623007
chr9	45000001	46000000	0.731762
chr9	46000001	47000000	0.671251
chr9	47000001	48000000	0.647248
chr9	48000001	49000000	0.515597
chr9	49000001	50000000	0.643266
chr9	50000001	51000000	0.543286
chr9	51000001	52000000	0.278109
chr9	52000001	53000000	0.485989
chr9	53000001	54000000	0.392170
chr9	54000001	55000000	0.195583
chr9	55000001	56000000	0.507053
chr9	56000001	57000000	0.150740
chr9	57000001	58000000	0.427505
chr9	58000001	59000000	0.432945
chr9	59000001	60000000	0.326098
chr9	60000001	61000000	0.073643
chr9	61000001	62000000	0.453954
chr9	62000001	63000000	0.305391
chr9	63000001	64000000	0.299609
chr9	64000001	65000000	0.472675
chr9	65000001	66000000	0.341356
chr9	66000001	67000000	0.517489
chr9	67000001	68000000	0.276608
chr9	68000001	68919010	0.279872
