chr1	1	1000000	0.054200
chr1	1000001	2000000	0.092298
chr1	2000001	3000000	0.120149
chr1	3000001	4000000	0.106709
chr1	4000001	5000000	0.109024
chr1	5000001	6000000	0.143677
chr1	6000001	7000000	0.050830
chr1	7000001	8000000	0.113132
chr1	8000001	9000000	0.074388
chr1	9000001	10000000	0.077636
chr1	10000001	11000000	0.083838
chr1	11000001	12000000	0.164337
chr1	12000001	13000000	0.170403
chr1	13000001	14000000	0.138144
chr1	14000001	15000000	0.053471
chr1	15000001	16000000	0.075286
chr1	16000001	17000000	0.089787
chr1	17000001	18000000	0.075111
chr1	18000001	19000000	0.096174
chr1	19000001	20000000	0.086813
chr1	20000001	21000000	0.094693
chr1	21000001	22000000	0.124367
chr1	22000001	23000000	0.153910
chr1	23000001	24000000	0.096722
chr1	24000001	25000000	0.165954
chr1	25000001	26000000	0.108424
chr1	26000001	27000000	0.074541
chr1	27000001	28000000	0.084637
chr1	28000001	29000000	0.100507
chr1	29000001	30000000	0.070203
chr1	30000001	31000000	0.057641
chr1	31000001	32000000	0.048210
chr1	32000001	33000000	0.118332
chr1	33000001	34000000	0.075562
chr1	34000001	35000000	0.088736
chr1	35000001	36000000	0.085064
chr1	36000001	37000000	0.083618
chr1	37000001	38000000	0.149828
chr1	38000001	39000000	0.220748
chr1	39000001	40000000	0.234269
chr1	40000001	41000000	0.179860
chr1	41000001	42000000	0.195575
chr1	42000001	43000000	0.157143
chr1	43000001	44000000	0.126129
chr1	44000001	45000000	0.106130
chr1	45000001	46000000	0.109571
chr1	46000001	47000000	0.079706
chr1	47000001	48000000	0.095592
chr1	48000001	49000000	0.103301
chr1	49000001	50000000	0.077337
chr1	50000001	51000000	0.098267
chr1	51000001	52000000	0.157188
chr1	52000001	53000000	0.117591
chr1	53000001	54000000	0.136699
chr1	54000001	55000000	0.084372
chr1	55000001	56000000	0.129947
chr1	56000001	57000000	0.069244
chr1	57000001	58000000	0.098788
chr1	58000001	59000000	0.088283
chr1	59000001	60000000	0.108724
chr1	60000001	61000000	0.095273
chr1	61000001	62000000	0.090062
chr1	62000001	63000000	0.149527
chr1	63000001	64000000	0.084957
chr1	64000001	65000000	0.087242
chr1	65000001	66000000	0.057324
chr1	66000001	67000000	0.086812
chr1	67000001	68000000	0.064964
chr1	68000001	69000000	0.079231
chr1	69000001	70000000	0.129214
chr1	70000001	71000000	0.070229
chr1	71000001	72000000	0.072286
chr1	72000001	73000000	0.109753
chr1	73000001	74000000	0.088460
chr1	74000001	75000000	0.100386
chr1	75000001	76000000	0.126206
chr1	76000001	77000000	0.077890
chr1	77000001	78000000	0.172602
chr1	78000001	79000000	0.104690
chr1	79000001	80000000	0.175616
chr1	80000001	81000000	0.125224
chr1	81000001	82000000	0.065747
chr1	82000001	83000000	0.070994
chr1	83000001	84000000	0.098797
chr1	84000001	85000000	0.100023
chr1	85000001	86000000	0.086994
chr1	86000001	87000000	0.061186
chr1	87000001	88000000	0.078919
chr1	88000001	89000000	0.174416
chr1	89000001	90000000	0.084699
chr1	90000001	91000000	0.066664
chr1	91000001	92000000	0.096639
chr1	92000001	93000000	0.076081
chr1	93000001	94000000	0.117819
chr1	94000001	95000000	0.073056
chr1	95000001	96000000	0.084287
chr1	96000001	96096873	0.067480
chr10	1	1000000	0.102746
chr10	1000001	2000000	0.134395
chr10	2000001	3000000	0.082806
chr10	3000001	4000000	0.161781
chr10	4000001	5000000	0.133124
chr10	5000001	6000000	0.137803
chr10	6000001	7000000	0.242622
chr10	7000001	8000000	0.170814
chr10	8000001	9000000	0.065618
chr10	9000001	10000000	0.111016
chr10	10000001	11000000	0.165280
chr10	11000001	12000000	0.185767
chr10	12000001	13000000	0.104979
chr10	13000001	14000000	0.208565
chr10	14000001	15000000	0.117436
chr10	15000001	16000000	0.274229
chr10	16000001	17000000	0.263493
chr10	17000001	18000000	0.219036
chr10	18000001	19000000	0.134802
chr10	19000001	20000000	0.168707
chr10	20000001	21000000	0.139607
chr10	21000001	22000000	0.187513
chr10	22000001	23000000	0.122732
chr10	23000001	24000000	0.091675
chr10	24000001	25000000	0.177223
chr10	25000001	26000000	0.133458
chr10	26000001	27000000	0.119929
chr10	27000001	28000000	0.098142
chr10	28000001	29000000	0.105268
chr10	29000001	30000000	0.093155
chr10	30000001	31000000	0.187379
chr10	31000001	32000000	0.185081
chr10	32000001	33000000	0.634052
chr10	33000001	34000000	0.219529
chr10	34000001	35000000	0.179431
chr10	35000001	36000000	0.122691
chr10	36000001	37000000	0.058243
chr10	37000001	38000000	0.164590
chr10	38000001	39000000	0.115923
chr10	39000001	40000000	0.157409
chr10	40000001	41000000	0.160177
chr10	41000001	42000000	0.123862
chr10	42000001	43000000	0.127112
chr10	43000001	44000000	0.155055
chr10	44000001	45000000	0.192157
chr10	45000001	46000000	0.129088
chr10	46000001	47000000	0.146817
chr10	47000001	48000000	0.289184
chr10	48000001	49000000	0.338488
chr10	49000001	50000000	0.280407
chr10	50000001	51000000	0.080310
chr10	51000001	52000000	0.141534
chr10	52000001	53000000	0.159510
chr10	53000001	54000000	0.105975
chr10	54000001	55000000	0.175701
chr10	55000001	56000000	0.173473
chr10	56000001	57000000	0.097880
chr10	57000001	58000000	0.127535
chr10	58000001	59000000	0.141956
chr10	59000001	60000000	0.125778
chr10	60000001	61000000	0.252324
chr10	61000001	62000000	0.131557
chr10	62000001	63000000	0.148843
chr10	63000001	64000000	0.103663
chr10	64000001	65000000	0.138030
chr10	65000001	66000000	0.187651
chr10	66000001	67000000	0.191248
chr10	67000001	68000000	0.125408
chr10	68000001	68053814	0.112387
chr11	1	1000000	0.144728
chr11	1000001	2000000	0.121078
chr11	2000001	3000000	0.096726
chr11	3000001	4000000	0.089668
chr11	4000001	5000000	0.079742
chr11	5000001	6000000	0.131110
chr11	6000001	7000000	0.119402
chr11	7000001	8000000	0.221150
chr11	8000001	9000000	0.141582
chr11	9000001	10000000	0.179447
chr11	10000001	11000000	0.175797
chr11	11000001	12000000	0.120588
chr11	12000001	13000000	0.091285
chr11	13000001	14000000	0.081424
chr11	14000001	15000000	0.137304
chr11	15000001	16000000	0.128115
chr11	16000001	17000000	0.145978
chr11	17000001	18000000	0.188927
chr11	18000001	19000000	0.259326
chr11	19000001	20000000	0.180923
chr11	20000001	21000000	0.257076
chr11	21000001	22000000	0.166353
chr11	22000001	23000000	0.238584
chr11	23000001	24000000	0.204389
chr11	24000001	25000000	0.138556
chr11	25000001	26000000	0.134240
chr11	26000001	27000000	0.110983
chr11	27000001	28000000	0.137230
chr11	28000001	29000000	0.159273
chr11	29000001	30000000	0.098857
chr11	30000001	31000000	0.159965
chr11	31000001	32000000	0.183530
chr11	32000001	33000000	0.147048
chr11	33000001	34000000	0.112462
chr11	34000001	35000000	0.083355
chr11	35000001	36000000	0.081714
chr11	36000001	37000000	0.068428
chr11	37000001	38000000	0.084146
chr11	38000001	39000000	0.083444
chr11	39000001	40000000	0.137227
chr11	40000001	41000000	0.155415
chr11	41000001	42000000	0.180529
chr11	42000001	43000000	0.117627
chr11	43000001	44000000	0.172618
chr11	44000001	45000000	0.186421
chr11	45000001	46000000	0.109352
chr11	46000001	47000000	0.129656
chr11	47000001	48000000	0.169670
chr11	48000001	49000000	0.116522
chr11	49000001	50000000	0.183782
chr11	50000001	51000000	0.104807
chr11	51000001	52000000	0.089541
chr11	52000001	53000000	0.168208
chr11	53000001	54000000	0.080497
chr11	54000001	55000000	0.222613
chr11	55000001	56000000	0.152479
chr11	56000001	57000000	0.100900
chr11	57000001	58000000	0.171615
chr11	58000001	59000000	0.227655
chr11	59000001	60000000	0.120883
chr11	60000001	61000000	0.224678
chr11	61000001	62000000	0.131945
chr11	62000001	63000000	0.147721
chr11	63000001	64000000	0.145938
chr11	64000001	65000000	0.217995
chr11	65000001	66000000	0.130487
chr11	66000001	67000000	0.143470
chr11	67000001	68000000	0.156185
chr11	68000001	69000000	0.151798
chr11	69000001	70000000	0.218405
chr11	70000001	71000000	0.159171
chr11	71000001	72000000	0.131340
chr11	72000001	73000000	0.131435
chr11	73000001	74000000	0.125230
chr11	74000001	75000000	0.234519
chr11	75000001	76000000	0.155556
chr11	76000001	77000000	0.197830
chr11	77000001	78000000	0.207066
chr11	78000001	79000000	0.130064
chr11	79000001	80000000	0.137219
chr11	80000001	81000000	0.119661
chr11	81000001	82000000	0.144971
chr11	82000001	83000000	0.231364
chr11	83000001	84000000	0.182990
chr11	84000001	85000000	0.143753
chr11	85000001	86000000	0.422302
chr11	86000001	87000000	0.139580
chr11	87000001	88000000	0.424138
chr11	88000001	89000000	0.101409
chr11	89000001	89337516	0.140998
chr12	1	1000000	0.136285
chr12	1000001	2000000	0.078243
chr12	2000001	3000000	0.110003
chr12	3000001	4000000	0.100408
chr12	4000001	5000000	0.099018
chr12	5000001	6000000	0.126980
chr12	6000001	7000000	0.107717
chr12	7000001	8000000	0.101239
chr12	8000001	9000000	0.117453
chr12	9000001	10000000	0.163490
chr12	10000001	11000000	0.121198
chr12	11000001	12000000	0.087133
chr12	12000001	13000000	0.092058
chr12	13000001	14000000	0.128897
chr12	14000001	15000000	0.129307
chr12	15000001	16000000	0.175508
chr12	16000001	17000000	0.121274
chr12	17000001	18000000	0.290218
chr12	18000001	19000000	0.075020
chr12	19000001	20000000	0.069908
chr12	20000001	21000000	0.142134
chr12	21000001	22000000	0.144501
chr12	22000001	23000000	0.068846
chr12	23000001	24000000	0.050912
chr12	24000001	25000000	0.099534
chr12	25000001	26000000	0.071439
chr12	26000001	27000000	0.068892
chr12	27000001	28000000	0.081181
chr12	28000001	29000000	0.080341
chr12	29000001	30000000	0.127245
chr12	30000001	31000000	0.063681
chr12	31000001	32000000	0.074184
chr12	32000001	33000000	0.078341
chr12	33000001	34000000	0.128647
chr12	34000001	35000000	0.098139
chr12	35000001	36000000	0.077332
chr12	36000001	37000000	0.076005
chr12	37000001	38000000	0.064393
chr12	38000001	39000000	0.063010
chr12	39000001	40000000	0.164504
chr12	40000001	41000000	0.083020
chr12	41000001	42000000	0.107301
chr12	42000001	43000000	0.068522
chr12	43000001	44000000	0.068823
chr12	44000001	45000000	0.084243
chr12	45000001	46000000	0.057183
chr12	46000001	47000000	0.076877
chr12	47000001	48000000	0.120720
chr12	48000001	49000000	0.097018
chr12	49000001	50000000	0.062083
chr12	50000001	51000000	0.156837
chr12	51000001	52000000	0.075983
chr12	52000001	53000000	0.088253
chr12	53000001	54000000	0.103766
chr12	54000001	55000000	0.096740
chr12	55000001	56000000	0.107278
chr12	56000001	57000000	0.102730
chr12	57000001	58000000	0.046749
chr12	58000001	59000000	0.109803
chr12	59000001	60000000	0.110890
chr12	60000001	61000000	0.170486
chr12	61000001	62000000	0.151098
chr12	62000001	63000000	0.110558
chr12	63000001	64000000	0.116192
chr12	64000001	65000000	0.101782
chr12	65000001	66000000	0.116406
chr12	66000001	67000000	0.070849
chr12	67000001	68000000	0.096010
chr12	68000001	69000000	0.128075
chr12	69000001	70000000	0.151814
chr12	70000001	71000000	0.157379
chr12	71000001	72000000	0.164896
chr12	72000001	73000000	0.094574
chr12	73000001	74000000	0.198074
chr12	74000001	75000000	0.103531
chr12	75000001	76000000	0.081967
chr12	76000001	77000000	0.106255
chr12	77000001	78000000	0.154432
chr12	78000001	79000000	0.100039
chr12	79000001	80000000	0.177787
chr12	80000001	81000000	0.081007
chr12	81000001	81885254	0.121832
chr13	1	1000000	0.091056
chr13	1000001	2000000	0.115865
chr13	2000001	3000000	0.091368
chr13	3000001	4000000	0.096335
chr13	4000001	5000000	0.078119
chr13	5000001	6000000	0.093992
chr13	6000001	7000000	0.065285
chr13	7000001	8000000	0.134762
chr13	8000001	9000000	0.164989
chr13	9000001	10000000	0.171539
chr13	10000001	11000000	0.168053
chr13	11000001	12000000	0.111500
chr13	12000001	13000000	0.107206
chr13	13000001	14000000	0.093423
chr13	14000001	15000000	0.090421
chr13	15000001	16000000	0.079165
chr13	16000001	17000000	0.147497
chr13	17000001	18000000	0.057821
chr13	18000001	19000000	0.129349
chr13	19000001	20000000	0.093734
chr13	20000001	21000000	0.202880
chr13	21000001	22000000	0.159351
chr13	22000001	23000000	0.107524
chr13	23000001	24000000	0.144649
chr13	24000001	25000000	0.096003
chr13	25000001	26000000	0.081563
chr13	26000001	27000000	0.118100
chr13	27000001	28000000	0.085840
chr13	28000001	29000000	0.074384
chr13	29000001	30000000	0.277989
chr13	30000001	31000000	0.090413
chr13	31000001	32000000	0.130017
chr13	32000001	33000000	0.081955
chr13	33000001	34000000	0.086286
chr13	34000001	35000000	0.094737
chr13	35000001	36000000	0.125497
chr13	36000001	37000000	0.085853
chr13	37000001	38000000	0.113796
chr13	38000001	39000000	0.084860
chr13	39000001	40000000	0.115679
chr13	40000001	41000000	0.049596
chr13	41000001	42000000	0.060047
chr13	42000001	43000000	0.109525
chr13	43000001	44000000	0.156038
chr13	44000001	45000000	0.144908
chr13	45000001	46000000	0.141990
chr13	46000001	47000000	0.138485
chr13	47000001	48000000	0.118451
chr13	48000001	49000000	0.121465
chr13	49000001	50000000	0.095931
chr13	50000001	51000000	0.102051
chr13	51000001	52000000	0.078189
chr13	52000001	53000000	0.104548
chr13	53000001	54000000	0.098590
chr13	54000001	55000000	0.115847
chr13	55000001	56000000	0.092716
chr13	56000001	57000000	0.125918
chr13	57000001	58000000	0.172922
chr13	58000001	59000000	0.119192
chr13	59000001	60000000	0.113564
chr13	60000001	61000000	0.096098
chr13	61000001	62000000	0.097984
chr13	62000001	63000000	0.083840
chr13	63000001	64000000	0.053155
chr13	64000001	65000000	0.093793
chr13	65000001	66000000	0.074312
chr13	66000001	67000000	0.094199
chr13	67000001	68000000	0.134260
chr13	68000001	69000000	0.125758
chr13	69000001	70000000	0.093449
chr13	70000001	71000000	0.092235
chr13	71000001	72000000	0.268003
chr13	72000001	73000000	0.101602
chr13	73000001	74000000	0.070741
chr13	74000001	74588556	0.056520
chr14	1	1000000	0.250513
chr14	1000001	2000000	0.173623
chr14	2000001	3000000	0.067738
chr14	3000001	4000000	0.091745
chr14	4000001	5000000	0.095526
chr14	5000001	6000000	0.120439
chr14	6000001	7000000	0.063969
chr14	7000001	8000000	0.059542
chr14	8000001	9000000	0.100914
chr14	9000001	10000000	0.097157
chr14	10000001	11000000	0.111363
chr14	11000001	12000000	0.087268
chr14	12000001	13000000	0.133223
chr14	13000001	14000000	0.139011
chr14	14000001	15000000	0.074384
chr14	15000001	16000000	0.115330
chr14	16000001	17000000	0.193964
chr14	17000001	18000000	0.212570
chr14	18000001	19000000	0.183810
chr14	19000001	20000000	0.070601
chr14	20000001	21000000	0.128294
chr14	21000001	22000000	0.122682
chr14	22000001	23000000	0.106045
chr14	23000001	24000000	0.104921
chr14	24000001	25000000	0.114980
chr14	25000001	26000000	0.074543
chr14	26000001	27000000	0.130889
chr14	27000001	28000000	0.069106
chr14	28000001	29000000	0.140304
chr14	29000001	30000000	0.196190
chr14	30000001	31000000	0.262084
chr14	31000001	32000000	0.166583
chr14	32000001	33000000	0.310992
chr14	33000001	34000000	0.194666
chr14	34000001	35000000	0.106910
chr14	35000001	36000000	0.050920
chr14	36000001	37000000	0.050439
chr14	37000001	38000000	0.065384
chr14	38000001	39000000	0.070336
chr14	39000001	40000000	0.072549
chr14	40000001	41000000	0.077675
chr14	41000001	42000000	0.102100
chr14	42000001	43000000	0.062552
chr14	43000001	44000000	0.119650
chr14	44000001	45000000	0.359039
chr14	45000001	46000000	0.240786
chr14	46000001	47000000	0.129746
chr14	47000001	48000000	0.103772
chr14	48000001	49000000	0.111769
chr14	49000001	50000000	0.103787
chr14	50000001	51000000	0.083183
chr14	51000001	52000000	0.064310
chr14	52000001	53000000	0.113135
chr14	53000001	54000000	0.093852
chr14	54000001	55000000	0.123206
chr14	55000001	56000000	0.071557
chr14	56000001	57000000	0.075869
chr14	57000001	58000000	0.081167
chr14	58000001	59000000	0.076993
chr14	59000001	60000000	0.085967
chr14	60000001	61000000	0.153516
chr14	61000001	62000000	0.094516
chr14	62000001	63000000	0.065733
chr14	63000001	64000000	0.111652
chr14	64000001	65000000	0.076320
chr14	65000001	66000000	0.153650
chr14	66000001	67000000	0.117542
chr14	67000001	68000000	0.088649
chr14	68000001	69000000	0.061192
chr14	69000001	70000000	0.163413
chr14	70000001	71000000	0.103120
chr14	71000001	72000000	0.109320
chr14	72000001	73000000	0.094862
chr14	73000001	74000000	0.081346
chr14	74000001	75000000	0.124504
chr14	75000001	76000000	0.104922
chr14	76000001	77000000	0.108757
chr14	77000001	78000000	0.100328
chr14	78000001	79000000	0.128355
chr14	79000001	80000000	0.140265
chr14	80000001	81000000	0.088509
chr14	81000001	82000000	0.081873
chr14	82000001	83000000	0.064392
chr14	83000001	84000000	0.056469
chr14	84000001	85000000	0.124163
chr14	85000001	86000000	0.067288
chr14	86000001	87000000	0.085032
chr14	87000001	87868007	0.076244
chr15	1	1000000	0.159803
chr15	1000001	2000000	0.085750
chr15	2000001	3000000	0.107447
chr15	3000001	4000000	0.145929
chr15	4000001	5000000	0.078508
chr15	5000001	6000000	0.145995
chr15	6000001	7000000	0.167083
chr15	7000001	8000000	0.123599
chr15	8000001	9000000	0.082937
chr15	9000001	10000000	0.101596
chr15	10000001	11000000	0.166605
chr15	11000001	12000000	0.124914
chr15	12000001	13000000	0.067074
chr15	13000001	14000000	0.123373
chr15	14000001	15000000	0.113949
chr15	15000001	16000000	0.185035
chr15	16000001	17000000	0.134682
chr15	17000001	18000000	0.205369
chr15	18000001	19000000	0.123303
chr15	19000001	20000000	0.126695
chr15	20000001	21000000	0.116262
chr15	21000001	22000000	0.239907
chr15	22000001	23000000	0.153007
chr15	23000001	24000000	0.071247
chr15	24000001	25000000	0.074962
chr15	25000001	26000000	0.089010
chr15	26000001	27000000	0.103995
chr15	27000001	28000000	0.090039
chr15	28000001	29000000	0.078449
chr15	29000001	30000000	0.142780
chr15	30000001	31000000	0.148670
chr15	31000001	32000000	0.127604
chr15	32000001	33000000	0.088880
chr15	33000001	34000000	0.061735
chr15	34000001	35000000	0.169107
chr15	35000001	36000000	0.172052
chr15	36000001	37000000	0.095868
chr15	37000001	38000000	0.112261
chr15	38000001	39000000	0.176334
chr15	39000001	40000000	0.122132
chr15	40000001	41000000	0.195319
chr15	41000001	42000000	0.148381
chr15	42000001	43000000	0.061131
chr15	43000001	44000000	0.072516
chr15	44000001	45000000	0.081990
chr15	45000001	46000000	0.065244
chr15	46000001	47000000	0.080215
chr15	47000001	48000000	0.070935
chr15	48000001	49000000	0.124828
chr15	49000001	50000000	0.076448
chr15	50000001	51000000	0.083725
chr15	51000001	52000000	0.116838
chr15	52000001	53000000	0.133358
chr15	53000001	54000000	0.163161
chr15	54000001	55000000	0.149149
chr15	55000001	56000000	0.103448
chr15	56000001	57000000	0.129260
chr15	57000001	58000000	0.165938
chr15	58000001	59000000	0.144085
chr15	59000001	60000000	0.078194
chr15	60000001	61000000	0.090678
chr15	61000001	62000000	0.131121
chr15	62000001	63000000	0.195858
chr15	63000001	64000000	0.120543
chr15	64000001	65000000	0.162262
chr15	65000001	66000000	0.096832
chr15	66000001	67000000	0.168660
chr15	67000001	68000000	0.146813
chr15	68000001	69000000	0.101620
chr15	69000001	70000000	0.114690
chr15	70000001	71000000	0.087198
chr15	71000001	71825820	0.091921
chr16	1	1000000	0.184942
chr16	1000001	2000000	0.075379
chr16	2000001	3000000	0.134783
chr16	3000001	4000000	0.100579
chr16	4000001	5000000	0.067231
chr16	5000001	6000000	0.128206
chr16	6000001	7000000	0.105242
chr16	7000001	8000000	0.111102
chr16	8000001	9000000	0.116615
chr16	9000001	10000000	0.095259
chr16	10000001	11000000	0.104378
chr16	11000001	12000000	0.110715
chr16	12000001	13000000	0.130211
chr16	13000001	14000000	0.089432
chr16	14000001	15000000	0.093414
chr16	15000001	16000000	0.285130
chr16	16000001	17000000	0.170526
chr16	17000001	18000000	0.079380
chr16	18000001	19000000	0.098836
chr16	19000001	20000000	0.078400
chr16	20000001	21000000	0.076879
chr16	21000001	22000000	0.080726
chr16	22000001	23000000	0.060927
chr16	23000001	24000000	0.108905
chr16	24000001	25000000	0.099634
chr16	25000001	26000000	0.126250
chr16	26000001	27000000	0.073624
chr16	27000001	28000000	0.089408
chr16	28000001	29000000	0.072904
chr16	29000001	30000000	0.098326
chr16	30000001	31000000	0.086930
chr16	31000001	32000000	0.066938
chr16	32000001	33000000	0.155530
chr16	33000001	34000000	0.069130
chr16	34000001	35000000	0.095278
chr16	35000001	36000000	0.057771
chr16	36000001	37000000	0.109491
chr16	37000001	38000000	0.125987
chr16	38000001	39000000	0.102603
chr16	39000001	40000000	0.082763
chr16	40000001	41000000	0.108377
chr16	41000001	42000000	0.061287
chr16	42000001	43000000	0.080804
chr16	43000001	44000000	0.076188
chr16	44000001	45000000	0.124134
chr16	45000001	46000000	0.149378
chr16	46000001	47000000	0.095351
chr16	47000001	48000000	0.065359
chr16	48000001	49000000	0.072649
chr16	49000001	50000000	0.117293
chr16	50000001	51000000	0.083530
chr16	51000001	52000000	0.113812
chr16	52000001	53000000	0.109284
chr16	53000001	54000000	0.085628
chr16	54000001	55000000	0.074071
chr16	55000001	56000000	0.091381
chr16	56000001	57000000	0.100061
chr16	57000001	58000000	0.095866
chr16	58000001	59000000	0.118614
chr16	59000001	60000000	0.086808
chr16	60000001	61000000	0.101291
chr16	61000001	62000000	0.051468
chr16	62000001	63000000	0.060209
chr16	63000001	64000000	0.086944
chr16	64000001	65000000	0.266337
chr16	65000001	66000000	0.247103
chr16	66000001	67000000	0.162404
chr16	67000001	68000000	0.248922
chr16	68000001	69000000	0.286256
chr16	69000001	70000000	0.165531
chr16	70000001	71000000	0.146331
chr16	71000001	72000000	0.176142
chr16	72000001	73000000	0.052022
chr16	73000001	74000000	0.084277
chr16	74000001	75000000	0.080822
chr16	75000001	76000000	0.099748
chr16	76000001	77000000	0.112100
chr16	77000001	78000000	0.077685
chr16	78000001	79000000	0.062339
chr16	79000001	80000000	0.087014
chr16	80000001	81000000	0.074017
chr16	81000001	82000000	0.122025
chr16	82000001	83000000	0.151183
chr16	83000001	84000000	0.079238
chr16	84000001	85000000	0.126518
chr16	85000001	86000000	0.111970
chr16	86000001	87000000	0.128763
chr16	87000001	88000000	0.085744
chr16	88000001	89000000	0.117996
chr16	89000001	89231009	0.070166
chr17	1	1000000	0.211412
chr17	1000001	2000000	0.177160
chr17	2000001	3000000	0.092152
chr17	3000001	4000000	0.087092
chr17	4000001	5000000	0.128933
chr17	5000001	6000000	0.063170
chr17	6000001	7000000	0.102949
chr17	7000001	8000000	0.094426
chr17	8000001	9000000	0.095386
chr17	9000001	10000000	0.074650
chr17	10000001	11000000	0.104790
chr17	11000001	12000000	0.146931
chr17	12000001	13000000	0.103871
chr17	13000001	14000000	0.109143
chr17	14000001	15000000	0.103621
chr17	15000001	16000000	0.080844
chr17	16000001	17000000	0.164473
chr17	17000001	18000000	0.184488
chr17	18000001	19000000	0.120183
chr17	19000001	20000000	0.112665
chr17	20000001	21000000	0.057482
chr17	21000001	22000000	0.083973
chr17	22000001	23000000	0.146063
chr17	23000001	24000000	0.168138
chr17	24000001	25000000	0.112265
chr17	25000001	26000000	0.116015
chr17	26000001	27000000	0.139679
chr17	27000001	28000000	0.175421
chr17	28000001	29000000	0.190981
chr17	29000001	30000000	0.078414
chr17	30000001	31000000	0.097445
chr17	31000001	32000000	0.143635
chr17	32000001	33000000	0.144287
chr17	33000001	34000000	0.115338
chr17	34000001	35000000	0.134485
chr17	35000001	36000000	0.167508
chr17	36000001	37000000	0.119948
chr17	37000001	38000000	0.271394
chr17	38000001	39000000	0.391316
chr17	39000001	40000000	0.154970
chr17	40000001	41000000	0.102042
chr17	41000001	42000000	0.141710
chr17	42000001	43000000	0.196442
chr17	43000001	44000000	0.166997
chr17	44000001	45000000	0.127307
chr17	45000001	46000000	0.172996
chr17	46000001	47000000	0.128834
chr17	47000001	48000000	0.131164
chr17	48000001	49000000	0.130654
chr17	49000001	50000000	0.165566
chr17	50000001	51000000	0.140688
chr17	51000001	52000000	0.173969
chr17	52000001	53000000	0.188175
chr17	53000001	54000000	0.184159
chr17	54000001	55000000	0.254805
chr17	55000001	56000000	0.141695
chr17	56000001	57000000	0.099190
chr17	57000001	58000000	0.145578
chr17	58000001	59000000	0.112629
chr17	59000001	60000000	0.127721
chr17	60000001	61000000	0.169484
chr17	61000001	61724274	0.152580
chr18	1	1000000	0.122965
chr18	1000001	2000000	0.066439
chr18	2000001	3000000	0.124955
chr18	3000001	4000000	0.143036
chr18	4000001	5000000	0.150944
chr18	5000001	6000000	0.118727
chr18	6000001	7000000	0.132621
chr18	7000001	8000000	0.160837
chr18	8000001	9000000	0.090053
chr18	9000001	10000000	0.111848
chr18	10000001	11000000	0.089547
chr18	11000001	12000000	0.091201
chr18	12000001	13000000	0.105839
chr18	13000001	14000000	0.163142
chr18	14000001	15000000	0.199857
chr18	15000001	16000000	0.094351
chr18	16000001	17000000	0.080670
chr18	17000001	18000000	0.161234
chr18	18000001	19000000	0.189133
chr18	19000001	20000000	0.113388
chr18	20000001	21000000	0.085242
chr18	21000001	22000000	0.061953
chr18	22000001	23000000	0.135824
chr18	23000001	24000000	0.169656
chr18	24000001	25000000	0.050845
chr18	25000001	26000000	0.057225
chr18	26000001	27000000	0.080203
chr18	27000001	28000000	0.118312
chr18	28000001	29000000	0.134417
chr18	29000001	30000000	0.355721
chr18	30000001	31000000	0.675859
chr18	31000001	32000000	0.091647
chr18	32000001	33000000	0.068088
chr18	33000001	34000000	0.067985
chr18	34000001	35000000	0.079423
chr18	35000001	36000000	0.073133
chr18	36000001	37000000	0.143393
chr18	37000001	38000000	0.107596
chr18	38000001	39000000	0.171119
chr18	39000001	40000000	0.148865
chr18	40000001	41000000	0.108401
chr18	41000001	42000000	0.152272
chr18	42000001	43000000	0.120417
chr18	43000001	44000000	0.166636
chr18	44000001	45000000	0.181932
chr18	45000001	46000000	0.132693
chr18	46000001	47000000	0.271879
chr18	47000001	48000000	0.111814
chr18	48000001	49000000	0.090884
chr18	49000001	50000000	0.140631
chr18	50000001	51000000	0.098828
chr18	51000001	52000000	0.055088
chr18	52000001	53000000	0.154485
chr18	53000001	54000000	0.118060
chr18	54000001	55000000	0.073973
chr18	55000001	56000000	0.219542
chr18	56000001	57000000	0.087435
chr18	57000001	58000000	0.088883
chr18	58000001	59000000	0.134968
chr18	59000001	60000000	0.079195
chr18	60000001	61000000	0.110755
chr18	61000001	62000000	0.091615
chr18	62000001	63000000	0.137003
chr18	63000001	64000000	0.128468
chr18	64000001	65000000	0.124019
chr18	65000001	66000000	0.141478
chr18	66000001	67000000	0.154653
chr18	67000001	68000000	0.105970
chr18	68000001	69000000	0.158779
chr18	69000001	70000000	0.120535
chr18	70000001	70111946	0.049533
chr2	1	1000000	0.133684
chr2	1000001	2000000	0.123773
chr2	2000001	3000000	0.131522
chr2	3000001	4000000	0.255037
chr2	4000001	5000000	0.219478
chr2	5000001	6000000	0.100837
chr2	6000001	7000000	0.102166
chr2	7000001	8000000	0.186728
chr2	8000001	9000000	0.166209
chr2	9000001	10000000	0.100835
chr2	10000001	11000000	0.161941
chr2	11000001	12000000	0.149126
chr2	12000001	13000000	0.128858
chr2	13000001	14000000	0.148921
chr2	14000001	15000000	0.077859
chr2	15000001	16000000	0.187812
chr2	16000001	17000000	0.212745
chr2	17000001	18000000	0.341926
chr2	18000001	19000000	0.346515
chr2	19000001	20000000	0.310124
chr2	20000001	21000000	0.244924
chr2	21000001	22000000	0.280647
chr2	22000001	23000000	0.200687
chr2	23000001	24000000	0.119230
chr2	24000001	25000000	0.195304
chr2	25000001	26000000	0.234043
chr2	26000001	27000000	0.137738
chr2	27000001	28000000	0.192407
chr2	28000001	29000000	0.185471
chr2	29000001	30000000	0.288745
chr2	30000001	31000000	0.122765
chr2	31000001	32000000	0.159760
chr2	32000001	33000000	0.172411
chr2	33000001	34000000	0.203708
chr2	34000001	35000000	0.288285
chr2	35000001	36000000	0.137501
chr2	36000001	37000000	0.151934
chr2	37000001	38000000	0.097580
chr2	38000001	39000000	0.124483
chr2	39000001	40000000	0.092040
chr2	40000001	41000000	0.156994
chr2	41000001	42000000	0.116915
chr2	42000001	43000000	0.117032
chr2	43000001	44000000	0.074312
chr2	44000001	45000000	0.194492
chr2	45000001	46000000	0.274393
chr2	46000001	47000000	0.205174
chr2	47000001	48000000	0.112191
chr2	48000001	49000000	0.216775
chr2	49000001	50000000	0.082701
chr2	50000001	51000000	0.122067
chr2	51000001	52000000	0.131132
chr2	52000001	53000000	0.121278
chr2	53000001	54000000	0.138811
chr2	54000001	55000000	0.202114
chr2	55000001	56000000	0.105915
chr2	56000001	57000000	0.117454
chr2	57000001	58000000	0.088501
chr2	58000001	59000000	0.149943
chr2	59000001	60000000	0.239308
chr2	60000001	61000000	0.200735
chr2	61000001	61727229	0.371249
chr3	1	1000000	0.110692
chr3	1000001	2000000	0.115102
chr3	2000001	3000000	0.194299
chr3	3000001	4000000	0.112451
chr3	4000001	5000000	0.102704
chr3	5000001	6000000	0.079499
chr3	6000001	7000000	0.107487
chr3	7000001	8000000	0.208107
chr3	8000001	9000000	0.105630
chr3	9000001	10000000	0.118034
chr3	10000001	11000000	0.118077
chr3	11000001	12000000	0.087596
chr3	12000001	13000000	0.080875
chr3	13000001	14000000	0.154035
chr3	14000001	15000000	0.195229
chr3	15000001	16000000	0.384905
chr3	16000001	17000000	0.117143
chr3	17000001	18000000	0.164997
chr3	18000001	19000000	0.061007
chr3	19000001	20000000	0.075535
chr3	20000001	21000000	0.131715
chr3	21000001	22000000	0.107405
chr3	22000001	23000000	0.403813
chr3	23000001	24000000	0.312258
chr3	24000001	25000000	0.270517
chr3	25000001	26000000	0.195732
chr3	26000001	27000000	0.157918
chr3	27000001	28000000	0.096253
chr3	28000001	29000000	0.089325
chr3	29000001	30000000	0.102124
chr3	30000001	31000000	0.141310
chr3	31000001	32000000	0.070475
chr3	32000001	33000000	0.278762
chr3	33000001	34000000	0.079799
chr3	34000001	35000000	0.064664
chr3	35000001	36000000	0.077243
chr3	36000001	37000000	0.075362
chr3	37000001	38000000	0.099465
chr3	38000001	39000000	0.109549
chr3	39000001	40000000	0.106934
chr3	40000001	41000000	0.085329
chr3	41000001	42000000	0.127228
chr3	42000001	43000000	0.098547
chr3	43000001	44000000	0.117012
chr3	44000001	45000000	0.141706
chr3	45000001	46000000	0.112099
chr3	46000001	47000000	0.079211
chr3	47000001	48000000	0.097522
chr3	48000001	49000000	0.064910
chr3	49000001	50000000	0.166248
chr3	50000001	51000000	0.079210
chr3	51000001	52000000	0.073242
chr3	52000001	53000000	0.112140
chr3	53000001	54000000	0.114799
chr3	54000001	55000000	0.115686
chr3	55000001	56000000	0.133364
chr3	56000001	57000000	0.108706
chr3	57000001	58000000	0.147510
chr3	58000001	59000000	0.087576
chr3	59000001	60000000	0.089070
chr3	60000001	61000000	0.077238
chr3	61000001	62000000	0.158341
chr3	62000001	63000000	0.122339
chr3	63000001	64000000	0.106808
chr3	64000001	65000000	0.091708
chr3	65000001	66000000	0.173903
chr3	66000001	67000000	0.105737
chr3	67000001	68000000	0.116530
chr3	68000001	69000000	0.143820
chr3	69000001	70000000	0.236879
chr3	70000001	71000000	0.129778
chr3	71000001	72000000	0.182112
chr3	72000001	73000000	0.082462
chr3	73000001	74000000	0.079453
chr3	74000001	75000000	0.058334
chr3	75000001	76000000	0.167003
chr3	76000001	77000000	0.222231
chr3	77000001	78000000	0.179996
chr3	78000001	79000000	0.144030
chr3	79000001	80000000	0.122958
chr3	80000001	81000000	0.079884
chr3	81000001	82000000	0.082108
chr3	82000001	83000000	0.057222
chr3	83000001	84000000	0.161966
chr3	84000001	85000000	0.093080
chr3	85000001	86000000	0.099012
chr3	86000001	86823602	0.181690
chr4	1	1000000	0.136583
chr4	1000001	2000000	0.147734
chr4	2000001	3000000	0.164844
chr4	3000001	4000000	0.120450
chr4	4000001	5000000	0.163357
chr4	5000001	6000000	0.119380
chr4	6000001	7000000	0.126648
chr4	7000001	8000000	0.094057
chr4	8000001	9000000	0.120908
chr4	9000001	10000000	0.213643
chr4	10000001	11000000	0.150519
chr4	11000001	12000000	0.125272
chr4	12000001	13000000	0.073975
chr4	13000001	14000000	0.088087
chr4	14000001	15000000	0.103214
chr4	15000001	16000000	0.094184
chr4	16000001	17000000	0.118861
chr4	17000001	18000000	0.084150
chr4	18000001	19000000	0.114318
chr4	19000001	20000000	0.094867
chr4	20000001	21000000	0.135069
chr4	21000001	22000000	0.111460
chr4	22000001	23000000	0.124356
chr4	23000001	24000000	0.114559
chr4	24000001	25000000	0.139864
chr4	25000001	26000000	0.108939
chr4	26000001	27000000	0.161556
chr4	27000001	28000000	0.152818
chr4	28000001	29000000	0.190769
chr4	29000001	30000000	0.112484
chr4	30000001	31000000	0.203238
chr4	31000001	32000000	0.154439
chr4	32000001	33000000	0.179112
chr4	33000001	34000000	0.195314
chr4	34000001	35000000	0.235881
chr4	35000001	36000000	0.131800
chr4	36000001	37000000	0.143168
chr4	37000001	38000000	0.155677
chr4	38000001	39000000	0.267749
chr4	39000001	40000000	0.240189
chr4	40000001	41000000	0.058656
chr4	41000001	42000000	0.105449
chr4	42000001	43000000	0.131924
chr4	43000001	44000000	0.157955
chr4	44000001	45000000	0.153774
chr4	45000001	46000000	0.190786
chr4	46000001	47000000	0.143460
chr4	47000001	48000000	0.072448
chr4	48000001	49000000	0.084160
chr4	49000001	50000000	0.158059
chr4	50000001	51000000	0.072911
chr4	51000001	52000000	0.117866
chr4	52000001	53000000	0.130251
chr4	53000001	54000000	0.098564
chr4	54000001	55000000	0.116313
chr4	55000001	56000000	0.187848
chr4	56000001	57000000	0.213008
chr4	57000001	58000000	0.196051
chr4	58000001	59000000	0.149577
chr4	59000001	60000000	0.183655
chr4	60000001	61000000	0.189716
chr4	61000001	62000000	0.182816
chr4	62000001	62554782	0.187409
chr5	1	1000000	0.101778
chr5	1000001	2000000	0.167322
chr5	2000001	3000000	0.346352
chr5	3000001	4000000	0.344866
chr5	4000001	5000000	0.264506
chr5	5000001	6000000	0.150448
chr5	6000001	7000000	0.123498
chr5	7000001	8000000	0.179213
chr5	8000001	9000000	0.140105
chr5	9000001	10000000	0.367079
chr5	10000001	11000000	0.069294
chr5	11000001	12000000	0.118572
chr5	12000001	13000000	0.117128
chr5	13000001	14000000	0.140474
chr5	14000001	15000000	0.093748
chr5	15000001	16000000	0.138589
chr5	16000001	17000000	0.084193
chr5	17000001	18000000	0.152407
chr5	18000001	19000000	0.163866
chr5	19000001	20000000	0.095524
chr5	20000001	21000000	0.103035
chr5	21000001	22000000	0.172608
chr5	22000001	23000000	0.122310
chr5	23000001	24000000	0.120972
chr5	24000001	25000000	0.171953
chr5	25000001	26000000	0.111158
chr5	26000001	27000000	0.125801
chr5	27000001	28000000	0.120508
chr5	28000001	29000000	0.123195
chr5	29000001	30000000	0.100231
chr5	30000001	31000000	0.076723
chr5	31000001	32000000	0.193664
chr5	32000001	33000000	0.103545
chr5	33000001	34000000	0.122421
chr5	34000001	35000000	0.099251
chr5	35000001	36000000	0.067043
chr5	36000001	37000000	0.084242
chr5	37000001	38000000	0.109415
chr5	38000001	39000000	0.125166
chr5	39000001	40000000	0.139801
chr5	40000001	41000000	0.091550
chr5	41000001	42000000	0.082512
chr5	42000001	43000000	0.107711
chr5	43000001	44000000	0.080105
chr5	44000001	45000000	0.100022
chr5	45000001	46000000	0.062113
chr5	46000001	47000000	0.061313
chr5	47000001	48000000	0.087548
chr5	48000001	49000000	0.184248
chr5	49000001	50000000	0.203438
chr5	50000001	51000000	0.168067
chr5	51000001	52000000	0.268981
chr5	52000001	53000000	0.393751
chr5	53000001	54000000	0.111426
chr5	54000001	55000000	0.104641
chr5	55000001	56000000	0.112658
chr5	56000001	57000000	0.116299
chr5	57000001	58000000	0.124681
chr5	58000001	59000000	0.145743
chr5	59000001	60000000	0.112967
chr5	60000001	61000000	0.075892
chr5	61000001	62000000	0.118670
chr5	62000001	63000000	0.125627
chr5	63000001	64000000	0.084825
chr5	64000001	65000000	0.089394
chr5	65000001	66000000	0.105594
chr5	66000001	67000000	0.144111
chr5	67000001	68000000	0.068924
chr5	68000001	69000000	0.138385
chr5	69000001	70000000	0.142721
chr5	70000001	71000000	0.094615
chr5	71000001	72000000	0.085611
chr5	72000001	73000000	0.123773
chr5	73000001	74000000	0.110096
chr5	74000001	75000000	0.122289
chr5	75000001	76000000	0.128821
chr5	76000001	77000000	0.191850
chr5	77000001	78000000	0.198829
chr5	78000001	79000000	0.121354
chr5	79000001	80000000	0.091587
chr5	80000001	81000000	0.133647
chr5	81000001	82000000	0.187700
chr5	82000001	83000000	0.158521
chr5	83000001	84000000	0.168626
chr5	84000001	85000000	0.080870
chr5	85000001	85936795	0.071560
chr6	1	1000000	0.136904
chr6	1000001	2000000	0.120377
chr6	2000001	3000000	0.178205
chr6	3000001	4000000	0.300481
chr6	4000001	5000000	0.222145
chr6	5000001	6000000	0.184239
chr6	6000001	7000000	0.147338
chr6	7000001	8000000	0.130885
chr6	8000001	9000000	0.163225
chr6	9000001	10000000	0.101770
chr6	10000001	11000000	0.135215
chr6	11000001	12000000	0.130812
chr6	12000001	13000000	0.152463
chr6	13000001	14000000	0.077401
chr6	14000001	15000000	0.139945
chr6	15000001	16000000	0.109392
chr6	16000001	17000000	0.164587
chr6	17000001	18000000	0.243866
chr6	18000001	19000000	0.167383
chr6	19000001	20000000	0.187490
chr6	20000001	21000000	0.247870
chr6	21000001	22000000	0.158772
chr6	22000001	23000000	0.202927
chr6	23000001	24000000	0.142822
chr6	24000001	25000000	0.118876
chr6	25000001	26000000	0.122936
chr6	26000001	27000000	0.149673
chr6	27000001	28000000	0.129321
chr6	28000001	29000000	0.133799
chr6	29000001	30000000	0.205164
chr6	30000001	31000000	0.152728
chr6	31000001	32000000	0.220147
chr6	32000001	33000000	0.185647
chr6	33000001	34000000	0.235680
chr6	34000001	35000000	0.180491
chr6	35000001	36000000	0.242383
chr6	36000001	37000000	0.148585
chr6	37000001	38000000	0.154961
chr6	38000001	39000000	0.116312
chr6	39000001	40000000	0.097708
chr6	40000001	41000000	0.182512
chr6	41000001	42000000	0.165834
chr6	42000001	43000000	0.120491
chr6	43000001	44000000	0.139833
chr6	44000001	45000000	0.189372
chr6	45000001	46000000	0.102478
chr6	46000001	47000000	0.193549
chr6	47000001	48000000	0.171024
chr6	48000001	49000000	0.119799
chr6	49000001	50000000	0.116714
chr6	50000001	51000000	0.175130
chr6	51000001	52000000	0.146671
chr6	52000001	53000000	0.136608
chr6	53000001	54000000	0.156697
chr6	54000001	55000000	0.048015
chr6	55000001	56000000	0.033539
chr6	56000001	57000000	0.102522
chr6	57000001	58000000	0.092381
chr6	58000001	59000000	0.115745
chr6	59000001	60000000	0.116472
chr6	60000001	61000000	0.197322
chr6	61000001	62000000	0.177987
chr6	62000001	63000000	0.141257
chr6	63000001	64000000	0.211755
chr6	64000001	65000000	0.170505
chr6	65000001	66000000	0.101119
chr6	66000001	67000000	0.187872
chr6	67000001	68000000	0.204788
chr6	68000001	69000000	0.235143
chr6	69000001	70000000	0.147294
chr6	70000001	71000000	0.187598
chr6	71000001	72000000	0.193424
chr6	72000001	73000000	0.165350
chr6	73000001	74000000	0.132068
chr6	74000001	75000000	0.119472
chr6	75000001	76000000	0.139979
chr6	76000001	77000000	0.177590
chr6	77000001	78000000	0.172867
chr6	78000001	79000000	0.098280
chr6	79000001	80000000	0.165308
chr6	80000001	81000000	0.174343
chr6	81000001	82000000	0.086273
chr6	82000001	83000000	0.134174
chr6	83000001	83403605	0.276042
chr7	1	1000000	0.114624
chr7	1000001	2000000	0.142429
chr7	2000001	3000000	0.093216
chr7	3000001	4000000	0.104194
chr7	4000001	5000000	0.137615
chr7	5000001	6000000	0.102726
chr7	6000001	7000000	0.175655
chr7	7000001	8000000	0.146562
chr7	8000001	9000000	0.189864
chr7	9000001	10000000	0.139072
chr7	10000001	11000000	0.091242
chr7	11000001	12000000	0.207125
chr7	12000001	13000000	0.125585
chr7	13000001	14000000	0.208749
chr7	14000001	15000000	0.131334
chr7	15000001	16000000	0.120333
chr7	16000001	17000000	0.124512
chr7	17000001	18000000	0.119508
chr7	18000001	19000000	0.112762
chr7	19000001	20000000	0.111867
chr7	20000001	21000000	0.203725
chr7	21000001	22000000	0.180436
chr7	22000001	23000000	0.190976
chr7	23000001	24000000	0.147056
chr7	24000001	25000000	0.166988
chr7	25000001	26000000	0.142909
chr7	26000001	27000000	0.155838
chr7	27000001	28000000	0.116449
chr7	28000001	29000000	0.051827
chr7	29000001	30000000	0.150577
chr7	30000001	31000000	0.143727
chr7	31000001	32000000	0.218197
chr7	32000001	33000000	0.123767
chr7	33000001	34000000	0.102703
chr7	34000001	35000000	0.097251
chr7	35000001	36000000	0.044217
chr7	36000001	37000000	0.097051
chr7	37000001	38000000	0.098875
chr7	38000001	39000000	0.088777
chr7	39000001	40000000	0.144260
chr7	40000001	41000000	0.118912
chr7	41000001	42000000	0.100869
chr7	42000001	43000000	0.097276
chr7	43000001	44000000	0.075373
chr7	44000001	45000000	0.145671
chr7	45000001	46000000	0.223729
chr7	46000001	47000000	0.189379
chr7	47000001	48000000	0.094267
chr7	48000001	49000000	0.123635
chr7	49000001	50000000	0.078420
chr7	50000001	51000000	0.071120
chr7	51000001	52000000	0.114083
chr7	52000001	53000000	0.099055
chr7	53000001	54000000	0.114049
chr7	54000001	55000000	0.364758
chr7	55000001	56000000	0.210555
chr7	56000001	57000000	0.154157
chr7	57000001	58000000	0.152937
chr7	58000001	59000000	0.109802
chr7	59000001	59286736	0.070919
chr8	1	1000000	0.179689
chr8	1000001	2000000	0.167476
chr8	2000001	3000000	0.248951
chr8	3000001	4000000	0.092570
chr8	4000001	5000000	0.158151
chr8	5000001	6000000	0.241142
chr8	6000001	7000000	0.134983
chr8	7000001	8000000	0.076847
chr8	8000001	9000000	0.102340
chr8	9000001	10000000	0.122083
chr8	10000001	11000000	0.139068
chr8	11000001	12000000	0.198664
chr8	12000001	13000000	0.152723
chr8	13000001	14000000	0.178615
chr8	14000001	15000000	0.128086
chr8	15000001	16000000	0.121575
chr8	16000001	17000000	0.095248
chr8	17000001	18000000	0.145125
chr8	18000001	19000000	0.192871
chr8	19000001	20000000	0.211391
chr8	20000001	21000000	0.168727
chr8	21000001	22000000	0.122057
chr8	22000001	23000000	0.105731
chr8	23000001	24000000	0.058504
chr8	24000001	25000000	0.082317
chr8	25000001	26000000	0.133136
chr8	26000001	27000000	0.090702
chr8	27000001	28000000	0.270182
chr8	28000001	29000000	0.219660
chr8	29000001	30000000	0.161930
chr8	30000001	31000000	0.099085
chr8	31000001	32000000	0.118339
chr8	32000001	33000000	0.062101
chr8	33000001	34000000	0.076466
chr8	34000001	35000000	0.113032
chr8	35000001	36000000	0.051269
chr8	36000001	37000000	0.097702
chr8	37000001	38000000	0.102534
chr8	38000001	39000000	0.125586
chr8	39000001	40000000	0.103670
chr8	40000001	41000000	0.100870
chr8	41000001	42000000	0.094125
chr8	42000001	43000000	0.109838
chr8	43000001	44000000	0.125397
chr8	44000001	45000000	0.079497
chr8	45000001	46000000	0.130878
chr8	46000001	47000000	0.088436
chr8	47000001	48000000	0.207423
chr8	48000001	49000000	0.136049
chr8	49000001	50000000	0.088337
chr8	50000001	51000000	0.090502
chr8	51000001	52000000	0.078625
chr8	52000001	53000000	0.090209
chr8	53000001	54000000	0.129698
chr8	54000001	55000000	0.118274
chr8	55000001	56000000	0.188805
chr8	56000001	57000000	0.090036
chr8	57000001	58000000	0.104225
chr8	58000001	59000000	0.166322
chr8	59000001	60000000	0.169744
chr8	60000001	61000000	0.112944
chr8	61000001	62000000	0.197101
chr8	62000001	63000000	0.100939
chr8	63000001	64000000	0.076744
chr8	64000001	65000000	0.122127
chr8	65000001	66000000	0.090337
chr8	66000001	67000000	0.090437
chr8	67000001	68000000	0.107035
chr8	68000001	69000000	0.068548
chr8	69000001	69389724	0.191428
chr9	1	1000000	0.087246
chr9	1000001	2000000	0.149085
chr9	2000001	3000000	0.109205
chr9	3000001	4000000	0.099000
chr9	4000001	5000000	0.195548
chr9	5000001	6000000	0.122846
chr9	6000001	7000000	0.129472
chr9	7000001	8000000	0.097233
chr9	8000001	9000000	0.128666
chr9	9000001	10000000	0.134728
chr9	10000001	11000000	0.125464
chr9	11000001	12000000	0.111326
chr9	12000001	13000000	0.070859
chr9	13000001	14000000	0.168734
chr9	14000001	15000000	0.149207
chr9	15000001	16000000	0.105379
chr9	16000001	17000000	0.085994
chr9	17000001	18000000	0.262203
chr9	18000001	19000000	0.090664
chr9	19000001	20000000	0.124761
chr9	20000001	21000000	0.123044
chr9	21000001	22000000	0.131773
chr9	22000001	23000000	0.152963
chr9	23000001	24000000	0.107805
chr9	24000001	25000000	0.111799
chr9	25000001	26000000	0.178767
chr9	26000001	27000000	0.185208
chr9	27000001	28000000	0.103528
chr9	28000001	29000000	0.130129
chr9	29000001	30000000	0.145698
chr9	30000001	31000000	0.147653
chr9	31000001	32000000	0.076427
chr9	32000001	33000000	0.075704
chr9	33000001	34000000	0.088919
chr9	34000001	35000000	0.176136
chr9	35000001	36000000	0.119908
chr9	36000001	37000000	0.165637
chr9	37000001	38000000	0.200348
chr9	38000001	39000000	0.196689
chr9	39000001	40000000	0.110965
chr9	40000001	41000000	0.177532
chr9	41000001	42000000	0.082199
chr9	42000001	43000000	0.092501
chr9	43000001	44000000	0.124725
chr9	44000001	45000000	0.172694
chr9	45000001	46000000	0.169477
chr9	46000001	47000000	0.191508
chr9	47000001	48000000	0.104367
chr9	48000001	49000000	0.089877
chr9	49000001	50000000	0.075369
chr9	50000001	51000000	0.091412
chr9	51000001	52000000	0.134656
chr9	52000001	53000000	0.155310
chr9	53000001	54000000	0.068663
chr9	54000001	55000000	0.127286
chr9	55000001	56000000	0.122019
chr9	56000001	57000000	0.101699
chr9	57000001	58000000	0.148921
chr9	58000001	59000000	0.127337
chr9	59000001	60000000	0.111822
chr9	60000001	61000000	0.215832
chr9	61000001	62000000	0.114799
chr9	62000001	63000000	0.150380
chr9	63000001	64000000	0.167048
chr9	64000001	65000000	0.088898
chr9	65000001	66000000	0.127346
chr9	66000001	67000000	0.070594
chr9	67000001	68000000	0.095672
chr9	68000001	68919010	0.219985
