chr1	1	1000000	0.004858
chr1	1000001	2000000	0.015450
chr1	2000001	3000000	0.005118
chr1	3000001	4000000	0.009878
chr1	4000001	5000000	0.006562
chr1	5000001	6000000	0.012029
chr1	6000001	7000000	0.020956
chr1	7000001	8000000	0.010031
chr1	8000001	9000000	0.009891
chr1	9000001	10000000	0.007381
chr1	10000001	11000000	0.006450
chr1	11000001	12000000	0.004897
chr1	12000001	13000000	0.006786
chr1	13000001	14000000	0.017696
chr1	14000001	15000000	0.007843
chr1	15000001	16000000	0.007334
chr1	16000001	17000000	0.004404
chr1	17000001	18000000	0.005686
chr1	18000001	19000000	0.016041
chr1	19000001	20000000	0.004558
chr1	20000001	21000000	0.006795
chr1	21000001	22000000	0.012708
chr1	22000001	23000000	0.013143
chr1	23000001	24000000	0.017068
chr1	24000001	25000000	0.011407
chr1	25000001	26000000	0.009239
chr1	26000001	27000000	0.006592
chr1	27000001	28000000	0.005193
chr1	28000001	29000000	0.011730
chr1	29000001	30000000	0.010503
chr1	30000001	31000000	0.011202
chr1	31000001	32000000	0.006171
chr1	32000001	33000000	0.003650
chr1	33000001	34000000	0.015451
chr1	34000001	35000000	0.005044
chr1	35000001	36000000	0.002244
chr1	36000001	37000000	0.010856
chr1	37000001	38000000	0.004260
chr1	38000001	39000000	0.003838
chr1	39000001	40000000	0.004771
chr1	40000001	41000000	0.004203
chr1	41000001	42000000	0.014118
chr1	42000001	43000000	0.002442
chr1	43000001	44000000	0.007882
chr1	44000001	45000000	0.006382
chr1	45000001	46000000	0.009619
chr1	46000001	47000000	0.005236
chr1	47000001	48000000	0.031951
chr1	48000001	49000000	0.020562
chr1	49000001	50000000	0.012648
chr1	50000001	51000000	0.007694
chr1	51000001	52000000	0.032317
chr1	52000001	53000000	0.009125
chr1	53000001	54000000	0.010293
chr1	54000001	55000000	0.012103
chr1	55000001	56000000	0.012468
chr1	56000001	57000000	0.009318
chr1	57000001	58000000	0.009170
chr1	58000001	59000000	0.016818
chr1	59000001	60000000	0.007084
chr1	60000001	61000000	0.012760
chr1	61000001	62000000	0.009969
chr1	62000001	63000000	0.002533
chr1	63000001	64000000	0.027136
chr1	64000001	65000000	0.008490
chr1	65000001	66000000	0.016841
chr1	66000001	67000000	0.011591
chr1	67000001	68000000	0.007496
chr1	68000001	69000000	0.007678
chr1	69000001	70000000	0.009596
chr1	70000001	71000000	0.008504
chr1	71000001	72000000	0.007873
chr1	72000001	73000000	0.005244
chr1	73000001	74000000	0.009921
chr1	74000001	75000000	0.009758
chr1	75000001	76000000	0.006735
chr1	76000001	77000000	0.029061
chr1	77000001	78000000	0.002461
chr1	78000001	79000000	0.013692
chr1	79000001	80000000	0.005347
chr1	80000001	81000000	0.006893
chr1	81000001	82000000	0.006651
chr1	82000001	83000000	0.005903
chr1	83000001	84000000	0.017090
chr1	84000001	85000000	0.016929
chr1	85000001	86000000	0.006360
chr1	86000001	87000000	0.004279
chr1	87000001	88000000	0.010764
chr1	88000001	89000000	0.006623
chr1	89000001	90000000	0.007294
chr1	90000001	91000000	0.020230
chr1	91000001	92000000	0.010207
chr1	92000001	93000000	0.007684
chr1	93000001	94000000	0.003711
chr1	94000001	95000000	0.013320
chr1	95000001	96000000	0.009216
chr1	96000001	96096873	0.000000
chr10	1	1000000	0.014114
chr10	1000001	2000000	0.011649
chr10	2000001	3000000	0.026317
chr10	3000001	4000000	0.014152
chr10	4000001	5000000	0.005319
chr10	5000001	6000000	0.005827
chr10	6000001	7000000	0.004661
chr10	7000001	8000000	0.007855
chr10	8000001	9000000	0.018081
chr10	9000001	10000000	0.009576
chr10	10000001	11000000	0.008466
chr10	11000001	12000000	0.005512
chr10	12000001	13000000	0.013599
chr10	13000001	14000000	0.004578
chr10	14000001	15000000	0.014520
chr10	15000001	16000000	0.003896
chr10	16000001	17000000	0.014622
chr10	17000001	18000000	0.007721
chr10	18000001	19000000	0.033174
chr10	19000001	20000000	0.008953
chr10	20000001	21000000	0.027895
chr10	21000001	22000000	0.010920
chr10	22000001	23000000	0.011975
chr10	23000001	24000000	0.011914
chr10	24000001	25000000	0.015290
chr10	25000001	26000000	0.001611
chr10	26000001	27000000	0.010151
chr10	27000001	28000000	0.010854
chr10	28000001	29000000	0.027235
chr10	29000001	30000000	0.006109
chr10	30000001	31000000	0.027314
chr10	31000001	32000000	0.004289
chr10	32000001	33000000	0.001674
chr10	33000001	34000000	0.010365
chr10	34000001	35000000	0.010071
chr10	35000001	36000000	0.016224
chr10	36000001	37000000	0.010678
chr10	37000001	38000000	0.003444
chr10	38000001	39000000	0.005253
chr10	39000001	40000000	0.010429
chr10	40000001	41000000	0.006568
chr10	41000001	42000000	0.008269
chr10	42000001	43000000	0.010718
chr10	43000001	44000000	0.007554
chr10	44000001	45000000	0.012334
chr10	45000001	46000000	0.015783
chr10	46000001	47000000	0.009261
chr10	47000001	48000000	0.021103
chr10	48000001	49000000	0.006321
chr10	49000001	50000000	0.061535
chr10	50000001	51000000	0.019482
chr10	51000001	52000000	0.006657
chr10	52000001	53000000	0.004641
chr10	53000001	54000000	0.011589
chr10	54000001	55000000	0.010525
chr10	55000001	56000000	0.010300
chr10	56000001	57000000	0.006257
chr10	57000001	58000000	0.003448
chr10	58000001	59000000	0.008709
chr10	59000001	60000000	0.008025
chr10	60000001	61000000	0.024055
chr10	61000001	62000000	0.010136
chr10	62000001	63000000	0.016075
chr10	63000001	64000000	0.010484
chr10	64000001	65000000	0.015541
chr10	65000001	66000000	0.019185
chr10	66000001	67000000	0.006517
chr10	67000001	68000000	0.008548
chr10	68000001	68053814	0.000000
chr11	1	1000000	0.006756
chr11	1000001	2000000	0.036326
chr11	2000001	3000000	0.007065
chr11	3000001	4000000	0.008007
chr11	4000001	5000000	0.004029
chr11	5000001	6000000	0.005755
chr11	6000001	7000000	0.007280
chr11	7000001	8000000	0.011886
chr11	8000001	9000000	0.001177
chr11	9000001	10000000	0.010752
chr11	10000001	11000000	0.014442
chr11	11000001	12000000	0.020357
chr11	12000001	13000000	0.011425
chr11	13000001	14000000	0.020315
chr11	14000001	15000000	0.023276
chr11	15000001	16000000	0.003862
chr11	16000001	17000000	0.006382
chr11	17000001	18000000	0.005041
chr11	18000001	19000000	0.003231
chr11	19000001	20000000	0.015077
chr11	20000001	21000000	0.007129
chr11	21000001	22000000	0.009791
chr11	22000001	23000000	0.020671
chr11	23000001	24000000	0.007570
chr11	24000001	25000000	0.014118
chr11	25000001	26000000	0.007395
chr11	26000001	27000000	0.009179
chr11	27000001	28000000	0.005275
chr11	28000001	29000000	0.010180
chr11	29000001	30000000	0.004589
chr11	30000001	31000000	0.001157
chr11	31000001	32000000	0.004749
chr11	32000001	33000000	0.008273
chr11	33000001	34000000	0.005260
chr11	34000001	35000000	0.009910
chr11	35000001	36000000	0.005479
chr11	36000001	37000000	0.005286
chr11	37000001	38000000	0.004848
chr11	38000001	39000000	0.004831
chr11	39000001	40000000	0.007148
chr11	40000001	41000000	0.008264
chr11	41000001	42000000	0.002899
chr11	42000001	43000000	0.003979
chr11	43000001	44000000	0.052041
chr11	44000001	45000000	0.005888
chr11	45000001	46000000	0.039122
chr11	46000001	47000000	0.018856
chr11	47000001	48000000	0.015471
chr11	48000001	49000000	0.036000
chr11	49000001	50000000	0.038048
chr11	50000001	51000000	0.034549
chr11	51000001	52000000	0.009348
chr11	52000001	53000000	0.040898
chr11	53000001	54000000	0.012625
chr11	54000001	55000000	0.016896
chr11	55000001	56000000	0.009070
chr11	56000001	57000000	0.009393
chr11	57000001	58000000	0.020027
chr11	58000001	59000000	0.012151
chr11	59000001	60000000	0.013551
chr11	60000001	61000000	0.004714
chr11	61000001	62000000	0.007468
chr11	62000001	63000000	0.040223
chr11	63000001	64000000	0.008710
chr11	64000001	65000000	0.005900
chr11	65000001	66000000	0.011517
chr11	66000001	67000000	0.006662
chr11	67000001	68000000	0.010011
chr11	68000001	69000000	0.020376
chr11	69000001	70000000	0.005723
chr11	70000001	71000000	0.004519
chr11	71000001	72000000	0.010690
chr11	72000001	73000000	0.014812
chr11	73000001	74000000	0.010216
chr11	74000001	75000000	0.005029
chr11	75000001	76000000	0.008242
chr11	76000001	77000000	0.005538
chr11	77000001	78000000	0.001652
chr11	78000001	79000000	0.002255
chr11	79000001	80000000	0.013058
chr11	80000001	81000000	0.004454
chr11	81000001	82000000	0.002199
chr11	82000001	83000000	0.006650
chr11	83000001	84000000	0.002313
chr11	84000001	85000000	0.002432
chr11	85000001	86000000	0.030294
chr11	86000001	87000000	0.028995
chr11	87000001	88000000	0.002712
chr11	88000001	89000000	0.007106
chr11	89000001	89337516	0.001393
chr12	1	1000000	0.010793
chr12	1000001	2000000	0.013212
chr12	2000001	3000000	0.010530
chr12	3000001	4000000	0.006503
chr12	4000001	5000000	0.003850
chr12	5000001	6000000	0.009656
chr12	6000001	7000000	0.007015
chr12	7000001	8000000	0.008622
chr12	8000001	9000000	0.025381
chr12	9000001	10000000	0.007091
chr12	10000001	11000000	0.017315
chr12	11000001	12000000	0.013490
chr12	12000001	13000000	0.006334
chr12	13000001	14000000	0.001516
chr12	14000001	15000000	0.002417
chr12	15000001	16000000	0.007345
chr12	16000001	17000000	0.015489
chr12	17000001	18000000	0.008779
chr12	18000001	19000000	0.008020
chr12	19000001	20000000	0.012448
chr12	20000001	21000000	0.061191
chr12	21000001	22000000	0.007791
chr12	22000001	23000000	0.023485
chr12	23000001	24000000	0.010863
chr12	24000001	25000000	0.014458
chr12	25000001	26000000	0.016393
chr12	26000001	27000000	0.018215
chr12	27000001	28000000	0.010978
chr12	28000001	29000000	0.013233
chr12	29000001	30000000	0.025200
chr12	30000001	31000000	0.015164
chr12	31000001	32000000	0.006690
chr12	32000001	33000000	0.020731
chr12	33000001	34000000	0.009070
chr12	34000001	35000000	0.016607
chr12	35000001	36000000	0.005478
chr12	36000001	37000000	0.013760
chr12	37000001	38000000	0.014157
chr12	38000001	39000000	0.015353
chr12	39000001	40000000	0.006969
chr12	40000001	41000000	0.008880
chr12	41000001	42000000	0.010058
chr12	42000001	43000000	0.029053
chr12	43000001	44000000	0.007557
chr12	44000001	45000000	0.006932
chr12	45000001	46000000	0.009351
chr12	46000001	47000000	0.012331
chr12	47000001	48000000	0.009621
chr12	48000001	49000000	0.017986
chr12	49000001	50000000	0.008269
chr12	50000001	51000000	0.010864
chr12	51000001	52000000	0.013174
chr12	52000001	53000000	0.013632
chr12	53000001	54000000	0.013902
chr12	54000001	55000000	0.008649
chr12	55000001	56000000	0.006545
chr12	56000001	57000000	0.007529
chr12	57000001	58000000	0.003364
chr12	58000001	59000000	0.005963
chr12	59000001	60000000	0.011901
chr12	60000001	61000000	0.010574
chr12	61000001	62000000	0.001820
chr12	62000001	63000000	0.005287
chr12	63000001	64000000	0.019815
chr12	64000001	65000000	0.012110
chr12	65000001	66000000	0.013347
chr12	66000001	67000000	0.009924
chr12	67000001	68000000	0.019707
chr12	68000001	69000000	0.008782
chr12	69000001	70000000	0.044574
chr12	70000001	71000000	0.010258
chr12	71000001	72000000	0.009207
chr12	72000001	73000000	0.027013
chr12	73000001	74000000	0.011578
chr12	74000001	75000000	0.012060
chr12	75000001	76000000	0.009368
chr12	76000001	77000000	0.007531
chr12	77000001	78000000	0.008366
chr12	78000001	79000000	0.005339
chr12	79000001	80000000	0.004016
chr12	80000001	81000000	0.004712
chr12	81000001	81885254	0.017846
chr13	1	1000000	0.020876
chr13	1000001	2000000	0.003320
chr13	2000001	3000000	0.011582
chr13	3000001	4000000	0.006544
chr13	4000001	5000000	0.015615
chr13	5000001	6000000	0.008958
chr13	6000001	7000000	0.006141
chr13	7000001	8000000	0.015575
chr13	8000001	9000000	0.014324
chr13	9000001	10000000	0.008897
chr13	10000001	11000000	0.011226
chr13	11000001	12000000	0.010877
chr13	12000001	13000000	0.017167
chr13	13000001	14000000	0.013219
chr13	14000001	15000000	0.005381
chr13	15000001	16000000	0.008038
chr13	16000001	17000000	0.006170
chr13	17000001	18000000	0.005816
chr13	18000001	19000000	0.006403
chr13	19000001	20000000	0.013121
chr13	20000001	21000000	0.016576
chr13	21000001	22000000	0.009691
chr13	22000001	23000000	0.025511
chr13	23000001	24000000	0.002931
chr13	24000001	25000000	0.006151
chr13	25000001	26000000	0.009539
chr13	26000001	27000000	0.004737
chr13	27000001	28000000	0.007233
chr13	28000001	29000000	0.020385
chr13	29000001	30000000	0.003698
chr13	30000001	31000000	0.013764
chr13	31000001	32000000	0.026034
chr13	32000001	33000000	0.013082
chr13	33000001	34000000	0.011935
chr13	34000001	35000000	0.009321
chr13	35000001	36000000	0.002457
chr13	36000001	37000000	0.015905
chr13	37000001	38000000	0.009270
chr13	38000001	39000000	0.009693
chr13	39000001	40000000	0.010064
chr13	40000001	41000000	0.007066
chr13	41000001	42000000	0.020710
chr13	42000001	43000000	0.006907
chr13	43000001	44000000	0.002624
chr13	44000001	45000000	0.003455
chr13	45000001	46000000	0.001365
chr13	46000001	47000000	0.007248
chr13	47000001	48000000	0.008670
chr13	48000001	49000000	0.002846
chr13	49000001	50000000	0.003744
chr13	50000001	51000000	0.005084
chr13	51000001	52000000	0.004806
chr13	52000001	53000000	0.008082
chr13	53000001	54000000	0.010135
chr13	54000001	55000000	0.006155
chr13	55000001	56000000	0.015021
chr13	56000001	57000000	0.008643
chr13	57000001	58000000	0.006685
chr13	58000001	59000000	0.005269
chr13	59000001	60000000	0.011850
chr13	60000001	61000000	0.016707
chr13	61000001	62000000	0.010919
chr13	62000001	63000000	0.007170
chr13	63000001	64000000	0.005980
chr13	64000001	65000000	0.007003
chr13	65000001	66000000	0.005874
chr13	66000001	67000000	0.009247
chr13	67000001	68000000	0.008243
chr13	68000001	69000000	0.019442
chr13	69000001	70000000	0.021684
chr13	70000001	71000000	0.020355
chr13	71000001	72000000	0.017817
chr13	72000001	73000000	0.010724
chr13	73000001	74000000	0.007148
chr13	74000001	74588556	0.032029
chr14	1	1000000	0.004654
chr14	1000001	2000000	0.004502
chr14	2000001	3000000	0.015849
chr14	3000001	4000000	0.012641
chr14	4000001	5000000	0.007140
chr14	5000001	6000000	0.011578
chr14	6000001	7000000	0.017448
chr14	7000001	8000000	0.003719
chr14	8000001	9000000	0.008420
chr14	9000001	10000000	0.027086
chr14	10000001	11000000	0.012384
chr14	11000001	12000000	0.008682
chr14	12000001	13000000	0.012896
chr14	13000001	14000000	0.003820
chr14	14000001	15000000	0.080628
chr14	15000001	16000000	0.005149
chr14	16000001	17000000	0.015451
chr14	17000001	18000000	0.007838
chr14	18000001	19000000	0.009030
chr14	19000001	20000000	0.028775
chr14	20000001	21000000	0.004137
chr14	21000001	22000000	0.004327
chr14	22000001	23000000	0.009118
chr14	23000001	24000000	0.015174
chr14	24000001	25000000	0.006925
chr14	25000001	26000000	0.020824
chr14	26000001	27000000	0.007044
chr14	27000001	28000000	0.008251
chr14	28000001	29000000	0.003263
chr14	29000001	30000000	0.004924
chr14	30000001	31000000	0.002118
chr14	31000001	32000000	0.003143
chr14	32000001	33000000	0.002655
chr14	33000001	34000000	0.001365
chr14	34000001	35000000	0.005790
chr14	35000001	36000000	0.006720
chr14	36000001	37000000	0.007627
chr14	37000001	38000000	0.025850
chr14	38000001	39000000	0.017664
chr14	39000001	40000000	0.019454
chr14	40000001	41000000	0.007581
chr14	41000001	42000000	0.009915
chr14	42000001	43000000	0.014102
chr14	43000001	44000000	0.009526
chr14	44000001	45000000	0.005365
chr14	45000001	46000000	0.008456
chr14	46000001	47000000	0.002794
chr14	47000001	48000000	0.015077
chr14	48000001	49000000	0.007653
chr14	49000001	50000000	0.011261
chr14	50000001	51000000	0.004441
chr14	51000001	52000000	0.009599
chr14	52000001	53000000	0.007807
chr14	53000001	54000000	0.013259
chr14	54000001	55000000	0.023975
chr14	55000001	56000000	0.010504
chr14	56000001	57000000	0.012806
chr14	57000001	58000000	0.009692
chr14	58000001	59000000	0.008500
chr14	59000001	60000000	0.026768
chr14	60000001	61000000	0.005914
chr14	61000001	62000000	0.010149
chr14	62000001	63000000	0.007394
chr14	63000001	64000000	0.006425
chr14	64000001	65000000	0.009447
chr14	65000001	66000000	0.008126
chr14	66000001	67000000	0.013550
chr14	67000001	68000000	0.018017
chr14	68000001	69000000	0.014765
chr14	69000001	70000000	0.012394
chr14	70000001	71000000	0.007220
chr14	71000001	72000000	0.006559
chr14	72000001	73000000	0.006425
chr14	73000001	74000000	0.008601
chr14	74000001	75000000	0.010636
chr14	75000001	76000000	0.003749
chr14	76000001	77000000	0.001176
chr14	77000001	78000000	0.008424
chr14	78000001	79000000	0.003592
chr14	79000001	80000000	0.020972
chr14	80000001	81000000	0.025994
chr14	81000001	82000000	0.030491
chr14	82000001	83000000	0.004345
chr14	83000001	84000000	0.009779
chr14	84000001	85000000	0.008093
chr14	85000001	86000000	0.005048
chr14	86000001	87000000	0.001640
chr14	87000001	87868007	0.008806
chr15	1	1000000	0.002766
chr15	1000001	2000000	0.005135
chr15	2000001	3000000	0.013338
chr15	3000001	4000000	0.004016
chr15	4000001	5000000	0.009125
chr15	5000001	6000000	0.010822
chr15	6000001	7000000	0.026880
chr15	7000001	8000000	0.007765
chr15	8000001	9000000	0.011061
chr15	9000001	10000000	0.011203
chr15	10000001	11000000	0.006871
chr15	11000001	12000000	0.010729
chr15	12000001	13000000	0.010024
chr15	13000001	14000000	0.034227
chr15	14000001	15000000	0.030346
chr15	15000001	16000000	0.007520
chr15	16000001	17000000	0.006375
chr15	17000001	18000000	0.004639
chr15	18000001	19000000	0.012478
chr15	19000001	20000000	0.005039
chr15	20000001	21000000	0.003713
chr15	21000001	22000000	0.001880
chr15	22000001	23000000	0.067939
chr15	23000001	24000000	0.008643
chr15	24000001	25000000	0.002984
chr15	25000001	26000000	0.007598
chr15	26000001	27000000	0.013838
chr15	27000001	28000000	0.002933
chr15	28000001	29000000	0.005984
chr15	29000001	30000000	0.003741
chr15	30000001	31000000	0.011304
chr15	31000001	32000000	0.003681
chr15	32000001	33000000	0.020256
chr15	33000001	34000000	0.007562
chr15	34000001	35000000	0.005504
chr15	35000001	36000000	0.006599
chr15	36000001	37000000	0.010405
chr15	37000001	38000000	0.012700
chr15	38000001	39000000	0.010602
chr15	39000001	40000000	0.022294
chr15	40000001	41000000	0.006681
chr15	41000001	42000000	0.009484
chr15	42000001	43000000	0.057295
chr15	43000001	44000000	0.013625
chr15	44000001	45000000	0.019821
chr15	45000001	46000000	0.018679
chr15	46000001	47000000	0.029514
chr15	47000001	48000000	0.017455
chr15	48000001	49000000	0.010547
chr15	49000001	50000000	0.017895
chr15	50000001	51000000	0.007285
chr15	51000001	52000000	0.018788
chr15	52000001	53000000	0.024903
chr15	53000001	54000000	0.038442
chr15	54000001	55000000	0.015507
chr15	55000001	56000000	0.005779
chr15	56000001	57000000	0.011779
chr15	57000001	58000000	0.005041
chr15	58000001	59000000	0.026473
chr15	59000001	60000000	0.005862
chr15	60000001	61000000	0.011715
chr15	61000001	62000000	0.008952
chr15	62000001	63000000	0.004290
chr15	63000001	64000000	0.002611
chr15	64000001	65000000	0.010603
chr15	65000001	66000000	0.008732
chr15	66000001	67000000	0.002833
chr15	67000001	68000000	0.013238
chr15	68000001	69000000	0.008575
chr15	69000001	70000000	0.008894
chr15	70000001	71000000	0.004380
chr15	71000001	71825820	0.007104
chr16	1	1000000	0.006673
chr16	1000001	2000000	0.011943
chr16	2000001	3000000	0.006425
chr16	3000001	4000000	0.009032
chr16	4000001	5000000	0.010045
chr16	5000001	6000000	0.017911
chr16	6000001	7000000	0.014044
chr16	7000001	8000000	0.017033
chr16	8000001	9000000	0.009471
chr16	9000001	10000000	0.007485
chr16	10000001	11000000	0.007498
chr16	11000001	12000000	0.008396
chr16	12000001	13000000	0.009295
chr16	13000001	14000000	0.037926
chr16	14000001	15000000	0.005673
chr16	15000001	16000000	0.005768
chr16	16000001	17000000	0.007465
chr16	17000001	18000000	0.003912
chr16	18000001	19000000	0.007371
chr16	19000001	20000000	0.006181
chr16	20000001	21000000	0.008510
chr16	21000001	22000000	0.013387
chr16	22000001	23000000	0.008724
chr16	23000001	24000000	0.004532
chr16	24000001	25000000	0.009541
chr16	25000001	26000000	0.004728
chr16	26000001	27000000	0.011084
chr16	27000001	28000000	0.012674
chr16	28000001	29000000	0.014181
chr16	29000001	30000000	0.008573
chr16	30000001	31000000	0.004188
chr16	31000001	32000000	0.018752
chr16	32000001	33000000	0.002829
chr16	33000001	34000000	0.006065
chr16	34000001	35000000	0.019096
chr16	35000001	36000000	0.011311
chr16	36000001	37000000	0.010993
chr16	37000001	38000000	0.009945
chr16	38000001	39000000	0.008778
chr16	39000001	40000000	0.009649
chr16	40000001	41000000	0.007480
chr16	41000001	42000000	0.013058
chr16	42000001	43000000	0.010770
chr16	43000001	44000000	0.010009
chr16	44000001	45000000	0.015391
chr16	45000001	46000000	0.009496
chr16	46000001	47000000	0.009419
chr16	47000001	48000000	0.007298
chr16	48000001	49000000	0.006709
chr16	49000001	50000000	0.003819
chr16	50000001	51000000	0.007536
chr16	51000001	52000000	0.014702
chr16	52000001	53000000	0.016728
chr16	53000001	54000000	0.007511
chr16	54000001	55000000	0.007701
chr16	55000001	56000000	0.009357
chr16	56000001	57000000	0.008793
chr16	57000001	58000000	0.014444
chr16	58000001	59000000	0.006386
chr16	59000001	60000000	0.020721
chr16	60000001	61000000	0.010854
chr16	61000001	62000000	0.003130
chr16	62000001	63000000	0.011507
chr16	63000001	64000000	0.002951
chr16	64000001	65000000	0.002949
chr16	65000001	66000000	0.000572
chr16	66000001	67000000	0.004098
chr16	67000001	68000000	0.007420
chr16	68000001	69000000	0.003719
chr16	69000001	70000000	0.003190
chr16	70000001	71000000	0.010512
chr16	71000001	72000000	0.004758
chr16	72000001	73000000	0.006324
chr16	73000001	74000000	0.011484
chr16	74000001	75000000	0.006655
chr16	75000001	76000000	0.016998
chr16	76000001	77000000	0.009923
chr16	77000001	78000000	0.008199
chr16	78000001	79000000	0.007706
chr16	79000001	80000000	0.006024
chr16	80000001	81000000	0.008730
chr16	81000001	82000000	0.019451
chr16	82000001	83000000	0.009834
chr16	83000001	84000000	0.013030
chr16	84000001	85000000	0.007297
chr16	85000001	86000000	0.004245
chr16	86000001	87000000	0.002137
chr16	87000001	88000000	0.006865
chr16	88000001	89000000	0.002763
chr16	89000001	89231009	0.009956
chr17	1	1000000	0.018902
chr17	1000001	2000000	0.037107
chr17	2000001	3000000	0.013566
chr17	3000001	4000000	0.017470
chr17	4000001	5000000	0.008526
chr17	5000001	6000000	0.009363
chr17	6000001	7000000	0.012689
chr17	7000001	8000000	0.017228
chr17	8000001	9000000	0.014642
chr17	9000001	10000000	0.003780
chr17	10000001	11000000	0.004767
chr17	11000001	12000000	0.006820
chr17	12000001	13000000	0.011918
chr17	13000001	14000000	0.014715
chr17	14000001	15000000	0.004426
chr17	15000001	16000000	0.002336
chr17	16000001	17000000	0.003191
chr17	17000001	18000000	0.003636
chr17	18000001	19000000	0.003294
chr17	19000001	20000000	0.004751
chr17	20000001	21000000	0.010512
chr17	21000001	22000000	0.009831
chr17	22000001	23000000	0.008587
chr17	23000001	24000000	0.045333
chr17	24000001	25000000	0.036388
chr17	25000001	26000000	0.004140
chr17	26000001	27000000	0.008628
chr17	27000001	28000000	0.019489
chr17	28000001	29000000	0.069743
chr17	29000001	30000000	0.038398
chr17	30000001	31000000	0.016324
chr17	31000001	32000000	0.020884
chr17	32000001	33000000	0.009108
chr17	33000001	34000000	0.010245
chr17	34000001	35000000	0.016396
chr17	35000001	36000000	0.014076
chr17	36000001	37000000	0.019313
chr17	37000001	38000000	0.007395
chr17	38000001	39000000	0.002880
chr17	39000001	40000000	0.008368
chr17	40000001	41000000	0.007853
chr17	41000001	42000000	0.021079
chr17	42000001	43000000	0.040635
chr17	43000001	44000000	0.028817
chr17	44000001	45000000	0.009536
chr17	45000001	46000000	0.010274
chr17	46000001	47000000	0.015184
chr17	47000001	48000000	0.017274
chr17	48000001	49000000	0.011213
chr17	49000001	50000000	0.073780
chr17	50000001	51000000	0.011498
chr17	51000001	52000000	0.018658
chr17	52000001	53000000	0.006555
chr17	53000001	54000000	0.015082
chr17	54000001	55000000	0.005321
chr17	55000001	56000000	0.027572
chr17	56000001	57000000	0.018626
chr17	57000001	58000000	0.014287
chr17	58000001	59000000	0.017447
chr17	59000001	60000000	0.024168
chr17	60000001	61000000	0.007230
chr17	61000001	61724274	0.003370
chr18	1	1000000	0.006706
chr18	1000001	2000000	0.005693
chr18	2000001	3000000	0.011180
chr18	3000001	4000000	0.009846
chr18	4000001	5000000	0.015266
chr18	5000001	6000000	0.008654
chr18	6000001	7000000	0.011553
chr18	7000001	8000000	0.010956
chr18	8000001	9000000	0.006791
chr18	9000001	10000000	0.006183
chr18	10000001	11000000	0.013714
chr18	11000001	12000000	0.011026
chr18	12000001	13000000	0.010517
chr18	13000001	14000000	0.005502
chr18	14000001	15000000	0.009186
chr18	15000001	16000000	0.011630
chr18	16000001	17000000	0.010734
chr18	17000001	18000000	0.007786
chr18	18000001	19000000	0.005109
chr18	19000001	20000000	0.006059
chr18	20000001	21000000	0.007000
chr18	21000001	22000000	0.011958
chr18	22000001	23000000	0.007237
chr18	23000001	24000000	0.009089
chr18	24000001	25000000	0.010737
chr18	25000001	26000000	0.006076
chr18	26000001	27000000	0.006186
chr18	27000001	28000000	0.003852
chr18	28000001	29000000	0.003331
chr18	29000001	30000000	0.006111
chr18	30000001	31000000	0.000000
chr18	31000001	32000000	0.007450
chr18	32000001	33000000	0.003511
chr18	33000001	34000000	0.013340
chr18	34000001	35000000	0.007629
chr18	35000001	36000000	0.028173
chr18	36000001	37000000	0.011164
chr18	37000001	38000000	0.012435
chr18	38000001	39000000	0.006468
chr18	39000001	40000000	0.009041
chr18	40000001	41000000	0.009183
chr18	41000001	42000000	0.008292
chr18	42000001	43000000	0.018975
chr18	43000001	44000000	0.018856
chr18	44000001	45000000	0.004859
chr18	45000001	46000000	0.010230
chr18	46000001	47000000	0.005665
chr18	47000001	48000000	0.009861
chr18	48000001	49000000	0.018706
chr18	49000001	50000000	0.006470
chr18	50000001	51000000	0.011126
chr18	51000001	52000000	0.006710
chr18	52000001	53000000	0.007692
chr18	53000001	54000000	0.006628
chr18	54000001	55000000	0.011844
chr18	55000001	56000000	0.006282
chr18	56000001	57000000	0.010990
chr18	57000001	58000000	0.005189
chr18	58000001	59000000	0.010173
chr18	59000001	60000000	0.011312
chr18	60000001	61000000	0.013159
chr18	61000001	62000000	0.040269
chr18	62000001	63000000	0.018970
chr18	63000001	64000000	0.023244
chr18	64000001	65000000	0.019546
chr18	65000001	66000000	0.009580
chr18	66000001	67000000	0.009239
chr18	67000001	68000000	0.008900
chr18	68000001	69000000	0.001561
chr18	69000001	70000000	0.005173
chr18	70000001	70111946	0.004922
chr2	1	1000000	0.003927
chr2	1000001	2000000	0.006138
chr2	2000001	3000000	0.005608
chr2	3000001	4000000	0.005791
chr2	4000001	5000000	0.004542
chr2	5000001	6000000	0.014310
chr2	6000001	7000000	0.002625
chr2	7000001	8000000	0.006697
chr2	8000001	9000000	0.006960
chr2	9000001	10000000	0.005326
chr2	10000001	11000000	0.005106
chr2	11000001	12000000	0.005674
chr2	12000001	13000000	0.006990
chr2	13000001	14000000	0.002291
chr2	14000001	15000000	0.002406
chr2	15000001	16000000	0.005298
chr2	16000001	17000000	0.008369
chr2	17000001	18000000	0.021804
chr2	18000001	19000000	0.039605
chr2	19000001	20000000	0.013000
chr2	20000001	21000000	0.002427
chr2	21000001	22000000	0.006048
chr2	22000001	23000000	0.002764
chr2	23000001	24000000	0.029177
chr2	24000001	25000000	0.004231
chr2	25000001	26000000	0.026939
chr2	26000001	27000000	0.010884
chr2	27000001	28000000	0.003802
chr2	28000001	29000000	0.018695
chr2	29000001	30000000	0.003169
chr2	30000001	31000000	0.025373
chr2	31000001	32000000	0.023378
chr2	32000001	33000000	0.011845
chr2	33000001	34000000	0.014710
chr2	34000001	35000000	0.003663
chr2	35000001	36000000	0.017659
chr2	36000001	37000000	0.002327
chr2	37000001	38000000	0.007495
chr2	38000001	39000000	0.007084
chr2	39000001	40000000	0.004722
chr2	40000001	41000000	0.004212
chr2	41000001	42000000	0.003969
chr2	42000001	43000000	0.002387
chr2	43000001	44000000	0.007722
chr2	44000001	45000000	0.009139
chr2	45000001	46000000	0.014579
chr2	46000001	47000000	0.008419
chr2	47000001	48000000	0.009249
chr2	48000001	49000000	0.004264
chr2	49000001	50000000	0.021627
chr2	50000001	51000000	0.005634
chr2	51000001	52000000	0.005500
chr2	52000001	53000000	0.008111
chr2	53000001	54000000	0.005482
chr2	54000001	55000000	0.008645
chr2	55000001	56000000	0.012559
chr2	56000001	57000000	0.008206
chr2	57000001	58000000	0.006577
chr2	58000001	59000000	0.010782
chr2	59000001	60000000	0.002923
chr2	60000001	61000000	0.033859
chr2	61000001	61727229	0.004233
chr3	1	1000000	0.004679
chr3	1000001	2000000	0.012187
chr3	2000001	3000000	0.000901
chr3	3000001	4000000	0.009521
chr3	4000001	5000000	0.013079
chr3	5000001	6000000	0.012612
chr3	6000001	7000000	0.014485
chr3	7000001	8000000	0.008377
chr3	8000001	9000000	0.009168
chr3	9000001	10000000	0.008211
chr3	10000001	11000000	0.007156
chr3	11000001	12000000	0.013690
chr3	12000001	13000000	0.009997
chr3	13000001	14000000	0.004725
chr3	14000001	15000000	0.007918
chr3	15000001	16000000	0.004885
chr3	16000001	17000000	0.007010
chr3	17000001	18000000	0.005194
chr3	18000001	19000000	0.011002
chr3	19000001	20000000	0.003808
chr3	20000001	21000000	0.001218
chr3	21000001	22000000	0.003025
chr3	22000001	23000000	0.001290
chr3	23000001	24000000	0.004650
chr3	24000001	25000000	0.006619
chr3	25000001	26000000	0.007958
chr3	26000001	27000000	0.001863
chr3	27000001	28000000	0.005860
chr3	28000001	29000000	0.018139
chr3	29000001	30000000	0.010219
chr3	30000001	31000000	0.010414
chr3	31000001	32000000	0.010801
chr3	32000001	33000000	0.001994
chr3	33000001	34000000	0.004058
chr3	34000001	35000000	0.012350
chr3	35000001	36000000	0.007470
chr3	36000001	37000000	0.039091
chr3	37000001	38000000	0.003938
chr3	38000001	39000000	0.006758
chr3	39000001	40000000	0.001399
chr3	40000001	41000000	0.013470
chr3	41000001	42000000	0.006180
chr3	42000001	43000000	0.009406
chr3	43000001	44000000	0.017130
chr3	44000001	45000000	0.015480
chr3	45000001	46000000	0.015162
chr3	46000001	47000000	0.005984
chr3	47000001	48000000	0.007805
chr3	48000001	49000000	0.011653
chr3	49000001	50000000	0.004645
chr3	50000001	51000000	0.010505
chr3	51000001	52000000	0.009498
chr3	52000001	53000000	0.010181
chr3	53000001	54000000	0.024890
chr3	54000001	55000000	0.022574
chr3	55000001	56000000	0.043114
chr3	56000001	57000000	0.008073
chr3	57000001	58000000	0.032385
chr3	58000001	59000000	0.012352
chr3	59000001	60000000	0.017941
chr3	60000001	61000000	0.008009
chr3	61000001	62000000	0.008722
chr3	62000001	63000000	0.008632
chr3	63000001	64000000	0.018288
chr3	64000001	65000000	0.015138
chr3	65000001	66000000	0.006912
chr3	66000001	67000000	0.008669
chr3	67000001	68000000	0.010106
chr3	68000001	69000000	0.003386
chr3	69000001	70000000	0.010385
chr3	70000001	71000000	0.007420
chr3	71000001	72000000	0.012889
chr3	72000001	73000000	0.011223
chr3	73000001	74000000	0.039115
chr3	74000001	75000000	0.014191
chr3	75000001	76000000	0.010850
chr3	76000001	77000000	0.008576
chr3	77000001	78000000	0.008009
chr3	78000001	79000000	0.015009
chr3	79000001	80000000	0.019459
chr3	80000001	81000000	0.008772
chr3	81000001	82000000	0.006419
chr3	82000001	83000000	0.011320
chr3	83000001	84000000	0.008442
chr3	84000001	85000000	0.004384
chr3	85000001	86000000	0.002815
chr3	86000001	86823602	0.001938
chr4	1	1000000	0.004893
chr4	1000001	2000000	0.009232
chr4	2000001	3000000	0.020178
chr4	3000001	4000000	0.010807
chr4	4000001	5000000	0.008253
chr4	5000001	6000000	0.011835
chr4	6000001	7000000	0.009778
chr4	7000001	8000000	0.010096
chr4	8000001	9000000	0.005881
chr4	9000001	10000000	0.010427
chr4	10000001	11000000	0.006690
chr4	11000001	12000000	0.007114
chr4	12000001	13000000	0.009049
chr4	13000001	14000000	0.010473
chr4	14000001	15000000	0.017653
chr4	15000001	16000000	0.018660
chr4	16000001	17000000	0.007031
chr4	17000001	18000000	0.007165
chr4	18000001	19000000	0.004284
chr4	19000001	20000000	0.008207
chr4	20000001	21000000	0.001036
chr4	21000001	22000000	0.006126
chr4	22000001	23000000	0.003311
chr4	23000001	24000000	0.005630
chr4	24000001	25000000	0.004398
chr4	25000001	26000000	0.010164
chr4	26000001	27000000	0.015926
chr4	27000001	28000000	0.018601
chr4	28000001	29000000	0.012940
chr4	29000001	30000000	0.010971
chr4	30000001	31000000	0.023329
chr4	31000001	32000000	0.011951
chr4	32000001	33000000	0.007125
chr4	33000001	34000000	0.001631
chr4	34000001	35000000	0.007376
chr4	35000001	36000000	0.017093
chr4	36000001	37000000	0.013146
chr4	37000001	38000000	0.018830
chr4	38000001	39000000	0.008315
chr4	39000001	40000000	0.011782
chr4	40000001	41000000	0.028958
chr4	41000001	42000000	0.004731
chr4	42000001	43000000	0.004952
chr4	43000001	44000000	0.012875
chr4	44000001	45000000	0.128368
chr4	45000001	46000000	0.009558
chr4	46000001	47000000	0.031532
chr4	47000001	48000000	0.010584
chr4	48000001	49000000	0.033403
chr4	49000001	50000000	0.026113
chr4	50000001	51000000	0.010656
chr4	51000001	52000000	0.014425
chr4	52000001	53000000	0.009828
chr4	53000001	54000000	0.010280
chr4	54000001	55000000	0.005983
chr4	55000001	56000000	0.003974
chr4	56000001	57000000	0.003876
chr4	57000001	58000000	0.008490
chr4	58000001	59000000	0.008034
chr4	59000001	60000000	0.002153
chr4	60000001	61000000	0.004238
chr4	61000001	62000000	0.010861
chr4	62000001	62554782	0.001673
chr5	1	1000000	0.007060
chr5	1000001	2000000	0.012061
chr5	2000001	3000000	0.004187
chr5	3000001	4000000	0.031077
chr5	4000001	5000000	0.010391
chr5	5000001	6000000	0.013376
chr5	6000001	7000000	0.011593
chr5	7000001	8000000	0.005686
chr5	8000001	9000000	0.004133
chr5	9000001	10000000	0.007400
chr5	10000001	11000000	0.040010
chr5	11000001	12000000	0.022431
chr5	12000001	13000000	0.014615
chr5	13000001	14000000	0.011877
chr5	14000001	15000000	0.010523
chr5	15000001	16000000	0.007674
chr5	16000001	17000000	0.012886
chr5	17000001	18000000	0.010634
chr5	18000001	19000000	0.026234
chr5	19000001	20000000	0.020379
chr5	20000001	21000000	0.016906
chr5	21000001	22000000	0.014395
chr5	22000001	23000000	0.019550
chr5	23000001	24000000	0.007219
chr5	24000001	25000000	0.008473
chr5	25000001	26000000	0.009834
chr5	26000001	27000000	0.009275
chr5	27000001	28000000	0.014708
chr5	28000001	29000000	0.007533
chr5	29000001	30000000	0.014564
chr5	30000001	31000000	0.015493
chr5	31000001	32000000	0.010679
chr5	32000001	33000000	0.007111
chr5	33000001	34000000	0.007582
chr5	34000001	35000000	0.018035
chr5	35000001	36000000	0.023460
chr5	36000001	37000000	0.011299
chr5	37000001	38000000	0.021629
chr5	38000001	39000000	0.008084
chr5	39000001	40000000	0.013335
chr5	40000001	41000000	0.021960
chr5	41000001	42000000	0.015974
chr5	42000001	43000000	0.006893
chr5	43000001	44000000	0.038831
chr5	44000001	45000000	0.006722
chr5	45000001	46000000	0.005125
chr5	46000001	47000000	0.012268
chr5	47000001	48000000	0.005949
chr5	48000001	49000000	0.004135
chr5	49000001	50000000	0.004457
chr5	50000001	51000000	0.005434
chr5	51000001	52000000	0.014637
chr5	52000001	53000000	0.010620
chr5	53000001	54000000	0.003087
chr5	54000001	55000000	0.005609
chr5	55000001	56000000	0.009558
chr5	56000001	57000000	0.007948
chr5	57000001	58000000	0.011910
chr5	58000001	59000000	0.008062
chr5	59000001	60000000	0.009031
chr5	60000001	61000000	0.013674
chr5	61000001	62000000	0.016831
chr5	62000001	63000000	0.022851
chr5	63000001	64000000	0.018310
chr5	64000001	65000000	0.013603
chr5	65000001	66000000	0.010651
chr5	66000001	67000000	0.017250
chr5	67000001	68000000	0.016225
chr5	68000001	69000000	0.011812
chr5	69000001	70000000	0.010523
chr5	70000001	71000000	0.009631
chr5	71000001	72000000	0.008859
chr5	72000001	73000000	0.008477
chr5	73000001	74000000	0.010725
chr5	74000001	75000000	0.017521
chr5	75000001	76000000	0.008359
chr5	76000001	77000000	0.007727
chr5	77000001	78000000	0.008879
chr5	78000001	79000000	0.040948
chr5	79000001	80000000	0.024176
chr5	80000001	81000000	0.013948
chr5	81000001	82000000	0.013742
chr5	82000001	83000000	0.003872
chr5	83000001	84000000	0.011655
chr5	84000001	85000000	0.012078
chr5	85000001	85936795	0.007213
chr6	1	1000000	0.049345
chr6	1000001	2000000	0.003922
chr6	2000001	3000000	0.007975
chr6	3000001	4000000	0.001161
chr6	4000001	5000000	0.010727
chr6	5000001	6000000	0.006218
chr6	6000001	7000000	0.019220
chr6	7000001	8000000	0.010816
chr6	8000001	9000000	0.004257
chr6	9000001	10000000	0.006188
chr6	10000001	11000000	0.002961
chr6	11000001	12000000	0.030472
chr6	12000001	13000000	0.017743
chr6	13000001	14000000	0.091090
chr6	14000001	15000000	0.008399
chr6	15000001	16000000	0.006115
chr6	16000001	17000000	0.013572
chr6	17000001	18000000	0.009067
chr6	18000001	19000000	0.008078
chr6	19000001	20000000	0.028440
chr6	20000001	21000000	0.005286
chr6	21000001	22000000	0.003825
chr6	22000001	23000000	0.017578
chr6	23000001	24000000	0.030891
chr6	24000001	25000000	0.020848
chr6	25000001	26000000	0.033659
chr6	26000001	27000000	0.029094
chr6	27000001	28000000	0.029763
chr6	28000001	29000000	0.013313
chr6	29000001	30000000	0.003086
chr6	30000001	31000000	0.004310
chr6	31000001	32000000	0.003706
chr6	32000001	33000000	0.014553
chr6	33000001	34000000	0.002806
chr6	34000001	35000000	0.002973
chr6	35000001	36000000	0.000498
chr6	36000001	37000000	0.003749
chr6	37000001	38000000	0.005782
chr6	38000001	39000000	0.025249
chr6	39000001	40000000	0.004758
chr6	40000001	41000000	0.016132
chr6	41000001	42000000	0.032909
chr6	42000001	43000000	0.021015
chr6	43000001	44000000	0.023070
chr6	44000001	45000000	0.006051
chr6	45000001	46000000	0.007733
chr6	46000001	47000000	0.003669
chr6	47000001	48000000	0.015140
chr6	48000001	49000000	0.016242
chr6	49000001	50000000	0.006475
chr6	50000001	51000000	0.007056
chr6	51000001	52000000	0.004765
chr6	52000001	53000000	0.003643
chr6	53000001	54000000	0.006463
chr6	54000001	55000000	0.007422
chr6	55000001	56000000	0.006489
chr6	56000001	57000000	0.004445
chr6	57000001	58000000	0.005900
chr6	58000001	59000000	0.007214
chr6	59000001	60000000	0.009285
chr6	60000001	61000000	0.007802
chr6	61000001	62000000	0.004674
chr6	62000001	63000000	0.004679
chr6	63000001	64000000	0.006506
chr6	64000001	65000000	0.006287
chr6	65000001	66000000	0.010573
chr6	66000001	67000000	0.004835
chr6	67000001	68000000	0.004033
chr6	68000001	69000000	0.003267
chr6	69000001	70000000	0.006908
chr6	70000001	71000000	0.008236
chr6	71000001	72000000	0.005680
chr6	72000001	73000000	0.013731
chr6	73000001	74000000	0.003650
chr6	74000001	75000000	0.005744
chr6	75000001	76000000	0.002039
chr6	76000001	77000000	0.007030
chr6	77000001	78000000	0.007614
chr6	78000001	79000000	0.008025
chr6	79000001	80000000	0.009074
chr6	80000001	81000000	0.007028
chr6	81000001	82000000	0.002714
chr6	82000001	83000000	0.008163
chr6	83000001	83403605	0.006752
chr7	1	1000000	0.002563
chr7	1000001	2000000	0.004787
chr7	2000001	3000000	0.004640
chr7	3000001	4000000	0.028706
chr7	4000001	5000000	0.025424
chr7	5000001	6000000	0.007007
chr7	6000001	7000000	0.004260
chr7	7000001	8000000	0.006431
chr7	8000001	9000000	0.017063
chr7	9000001	10000000	0.016087
chr7	10000001	11000000	0.017109
chr7	11000001	12000000	0.007418
chr7	12000001	13000000	0.003961
chr7	13000001	14000000	0.007673
chr7	14000001	15000000	0.016314
chr7	15000001	16000000	0.009756
chr7	16000001	17000000	0.008056
chr7	17000001	18000000	0.043679
chr7	18000001	19000000	0.015182
chr7	19000001	20000000	0.009432
chr7	20000001	21000000	0.012849
chr7	21000001	22000000	0.019024
chr7	22000001	23000000	0.032111
chr7	23000001	24000000	0.021358
chr7	24000001	25000000	0.024662
chr7	25000001	26000000	0.010416
chr7	26000001	27000000	0.006425
chr7	27000001	28000000	0.009352
chr7	28000001	29000000	0.008979
chr7	29000001	30000000	0.003662
chr7	30000001	31000000	0.007110
chr7	31000001	32000000	0.007103
chr7	32000001	33000000	0.002638
chr7	33000001	34000000	0.006863
chr7	34000001	35000000	0.016372
chr7	35000001	36000000	0.013138
chr7	36000001	37000000	0.005313
chr7	37000001	38000000	0.005342
chr7	38000001	39000000	0.009973
chr7	39000001	40000000	0.009523
chr7	40000001	41000000	0.006736
chr7	41000001	42000000	0.012036
chr7	42000001	43000000	0.018055
chr7	43000001	44000000	0.008527
chr7	44000001	45000000	0.010869
chr7	45000001	46000000	0.009381
chr7	46000001	47000000	0.007875
chr7	47000001	48000000	0.014114
chr7	48000001	49000000	0.008949
chr7	49000001	50000000	0.008810
chr7	50000001	51000000	0.016936
chr7	51000001	52000000	0.007624
chr7	52000001	53000000	0.013676
chr7	53000001	54000000	0.008268
chr7	54000001	55000000	0.002642
chr7	55000001	56000000	0.001681
chr7	56000001	57000000	0.006820
chr7	57000001	58000000	0.008396
chr7	58000001	59000000	0.025770
chr7	59000001	59286736	0.004600
chr8	1	1000000	0.007593
chr8	1000001	2000000	0.010390
chr8	2000001	3000000	0.014114
chr8	3000001	4000000	0.018807
chr8	4000001	5000000	0.003178
chr8	5000001	6000000	0.010388
chr8	6000001	7000000	0.008441
chr8	7000001	8000000	0.011821
chr8	8000001	9000000	0.013646
chr8	9000001	10000000	0.025169
chr8	10000001	11000000	0.009664
chr8	11000001	12000000	0.014075
chr8	12000001	13000000	0.006272
chr8	13000001	14000000	0.016754
chr8	14000001	15000000	0.013258
chr8	15000001	16000000	0.014383
chr8	16000001	17000000	0.014869
chr8	17000001	18000000	0.005817
chr8	18000001	19000000	0.010779
chr8	19000001	20000000	0.014140
chr8	20000001	21000000	0.009968
chr8	21000001	22000000	0.004774
chr8	22000001	23000000	0.004544
chr8	23000001	24000000	0.008698
chr8	24000001	25000000	0.015293
chr8	25000001	26000000	0.003964
chr8	26000001	27000000	0.004073
chr8	27000001	28000000	0.004321
chr8	28000001	29000000	0.002909
chr8	29000001	30000000	0.023186
chr8	30000001	31000000	0.005200
chr8	31000001	32000000	0.004144
chr8	32000001	33000000	0.010971
chr8	33000001	34000000	0.015301
chr8	34000001	35000000	0.016377
chr8	35000001	36000000	0.002073
chr8	36000001	37000000	0.010764
chr8	37000001	38000000	0.009653
chr8	38000001	39000000	0.002471
chr8	39000001	40000000	0.011673
chr8	40000001	41000000	0.016439
chr8	41000001	42000000	0.013649
chr8	42000001	43000000	0.012612
chr8	43000001	44000000	0.015370
chr8	44000001	45000000	0.036161
chr8	45000001	46000000	0.012282
chr8	46000001	47000000	0.009960
chr8	47000001	48000000	0.006857
chr8	48000001	49000000	0.006792
chr8	49000001	50000000	0.015093
chr8	50000001	51000000	0.010361
chr8	51000001	52000000	0.009489
chr8	52000001	53000000	0.009869
chr8	53000001	54000000	0.016530
chr8	54000001	55000000	0.006148
chr8	55000001	56000000	0.010029
chr8	56000001	57000000	0.018345
chr8	57000001	58000000	0.006816
chr8	58000001	59000000	0.003646
chr8	59000001	60000000	0.007548
chr8	60000001	61000000	0.013675
chr8	61000001	62000000	0.014863
chr8	62000001	63000000	0.012921
chr8	63000001	64000000	0.029710
chr8	64000001	65000000	0.007606
chr8	65000001	66000000	0.011697
chr8	66000001	67000000	0.033119
chr8	67000001	68000000	0.007850
chr8	68000001	69000000	0.026871
chr8	69000001	69389724	0.002042
chr9	1	1000000	0.008255
chr9	1000001	2000000	0.012593
chr9	2000001	3000000	0.009333
chr9	3000001	4000000	0.007884
chr9	4000001	5000000	0.044280
chr9	5000001	6000000	0.023291
chr9	6000001	7000000	0.016605
chr9	7000001	8000000	0.031978
chr9	8000001	9000000	0.020779
chr9	9000001	10000000	0.017886
chr9	10000001	11000000	0.008393
chr9	11000001	12000000	0.008899
chr9	12000001	13000000	0.045402
chr9	13000001	14000000	0.026904
chr9	14000001	15000000	0.004542
chr9	15000001	16000000	0.017444
chr9	16000001	17000000	0.010274
chr9	17000001	18000000	0.001779
chr9	18000001	19000000	0.007531
chr9	19000001	20000000	0.029322
chr9	20000001	21000000	0.010632
chr9	21000001	22000000	0.010455
chr9	22000001	23000000	0.005474
chr9	23000001	24000000	0.008819
chr9	24000001	25000000	0.006291
chr9	25000001	26000000	0.004476
chr9	26000001	27000000	0.015598
chr9	27000001	28000000	0.059366
chr9	28000001	29000000	0.017017
chr9	29000001	30000000	0.009445
chr9	30000001	31000000	0.020354
chr9	31000001	32000000	0.008850
chr9	32000001	33000000	0.008030
chr9	33000001	34000000	0.015002
chr9	34000001	35000000	0.002962
chr9	35000001	36000000	0.017509
chr9	36000001	37000000	0.013134
chr9	37000001	38000000	0.012874
chr9	38000001	39000000	0.011903
chr9	39000001	40000000	0.011117
chr9	40000001	41000000	0.006577
chr9	41000001	42000000	0.007916
chr9	42000001	43000000	0.005058
chr9	43000001	44000000	0.009424
chr9	44000001	45000000	0.012265
chr9	45000001	46000000	0.005132
chr9	46000001	47000000	0.006582
chr9	47000001	48000000	0.002154
chr9	48000001	49000000	0.004219
chr9	49000001	50000000	0.005190
chr9	50000001	51000000	0.007871
chr9	51000001	52000000	0.007753
chr9	52000001	53000000	0.014398
chr9	53000001	54000000	0.006490
chr9	54000001	55000000	0.019376
chr9	55000001	56000000	0.010856
chr9	56000001	57000000	0.042531
chr9	57000001	58000000	0.010703
chr9	58000001	59000000	0.009574
chr9	59000001	60000000	0.011515
chr9	60000001	61000000	0.011897
chr9	61000001	62000000	0.018205
chr9	62000001	63000000	0.016609
chr9	63000001	64000000	0.008315
chr9	64000001	65000000	0.009525
chr9	65000001	66000000	0.005594
chr9	66000001	67000000	0.009626
chr9	67000001	68000000	0.012735
chr9	68000001	68919010	0.005228
