chr1	1	1000000	0.193805
chr1	1000001	2000000	0.194177
chr1	2000001	3000000	0.171395
chr1	3000001	4000000	0.155293
chr1	4000001	5000000	0.222896
chr1	5000001	6000000	0.181940
chr1	6000001	7000000	0.166940
chr1	7000001	8000000	0.147183
chr1	8000001	9000000	0.189987
chr1	9000001	10000000	0.164747
chr1	10000001	11000000	0.140380
chr1	11000001	12000000	0.268020
chr1	12000001	13000000	0.168171
chr1	13000001	14000000	0.246143
chr1	14000001	15000000	0.172839
chr1	15000001	16000000	0.185528
chr1	16000001	17000000	0.209679
chr1	17000001	18000000	0.169681
chr1	18000001	19000000	0.164028
chr1	19000001	20000000	0.226864
chr1	20000001	21000000	0.235207
chr1	21000001	22000000	0.241837
chr1	22000001	23000000	0.218611
chr1	23000001	24000000	0.207127
chr1	24000001	25000000	0.188699
chr1	25000001	26000000	0.216025
chr1	26000001	27000000	0.168670
chr1	27000001	28000000	0.156673
chr1	28000001	29000000	0.180594
chr1	29000001	30000000	0.161581
chr1	30000001	31000000	0.151674
chr1	31000001	32000000	0.177995
chr1	32000001	33000000	0.241300
chr1	33000001	34000000	0.164673
chr1	34000001	35000000	0.155678
chr1	35000001	36000000	0.134744
chr1	36000001	37000000	0.255184
chr1	37000001	38000000	0.323785
chr1	38000001	39000000	0.330269
chr1	39000001	40000000	0.357158
chr1	40000001	41000000	0.285597
chr1	41000001	42000000	0.272519
chr1	42000001	43000000	0.247337
chr1	43000001	44000000	0.214968
chr1	44000001	45000000	0.210488
chr1	45000001	46000000	0.120756
chr1	46000001	47000000	0.125487
chr1	47000001	48000000	0.200952
chr1	48000001	49000000	0.207310
chr1	49000001	50000000	0.186005
chr1	50000001	51000000	0.213331
chr1	51000001	52000000	0.192626
chr1	52000001	53000000	0.227511
chr1	53000001	54000000	0.195945
chr1	54000001	55000000	0.180279
chr1	55000001	56000000	0.243861
chr1	56000001	57000000	0.215083
chr1	57000001	58000000	0.219759
chr1	58000001	59000000	0.228151
chr1	59000001	60000000	0.283280
chr1	60000001	61000000	0.177230
chr1	61000001	62000000	0.181144
chr1	62000001	63000000	0.243693
chr1	63000001	64000000	0.209581
chr1	64000001	65000000	0.193713
chr1	65000001	66000000	0.144044
chr1	66000001	67000000	0.194647
chr1	67000001	68000000	0.239040
chr1	68000001	69000000	0.286281
chr1	69000001	70000000	0.256680
chr1	70000001	71000000	0.171603
chr1	71000001	72000000	0.172417
chr1	72000001	73000000	0.249718
chr1	73000001	74000000	0.178099
chr1	74000001	75000000	0.228782
chr1	75000001	76000000	0.244807
chr1	76000001	77000000	0.356387
chr1	77000001	78000000	0.301623
chr1	78000001	79000000	0.256424
chr1	79000001	80000000	0.243419
chr1	80000001	81000000	0.187747
chr1	81000001	82000000	0.186397
chr1	82000001	83000000	0.228188
chr1	83000001	84000000	0.167266
chr1	84000001	85000000	0.195024
chr1	85000001	86000000	0.170990
chr1	86000001	87000000	0.198044
chr1	87000001	88000000	0.154804
chr1	88000001	89000000	0.195822
chr1	89000001	90000000	0.272956
chr1	90000001	91000000	0.183135
chr1	91000001	92000000	0.163588
chr1	92000001	93000000	0.175591
chr1	93000001	94000000	0.185469
chr1	94000001	95000000	0.174649
chr1	95000001	96000000	0.192427
chr1	96000001	96096873	0.112684
chr10	1	1000000	0.244962
chr10	1000001	2000000	0.240535
chr10	2000001	3000000	0.193152
chr10	3000001	4000000	0.226743
chr10	4000001	5000000	0.190019
chr10	5000001	6000000	0.170368
chr10	6000001	7000000	0.269105
chr10	7000001	8000000	0.268377
chr10	8000001	9000000	0.243308
chr10	9000001	10000000	0.320942
chr10	10000001	11000000	0.226262
chr10	11000001	12000000	0.346446
chr10	12000001	13000000	0.209436
chr10	13000001	14000000	0.292662
chr10	14000001	15000000	0.193899
chr10	15000001	16000000	0.231234
chr10	16000001	17000000	0.186499
chr10	17000001	18000000	0.236402
chr10	18000001	19000000	0.230894
chr10	19000001	20000000	0.279115
chr10	20000001	21000000	0.340662
chr10	21000001	22000000	0.250259
chr10	22000001	23000000	0.219321
chr10	23000001	24000000	0.205868
chr10	24000001	25000000	0.231386
chr10	25000001	26000000	0.239768
chr10	26000001	27000000	0.232909
chr10	27000001	28000000	0.191930
chr10	28000001	29000000	0.168797
chr10	29000001	30000000	0.204636
chr10	30000001	31000000	0.128194
chr10	31000001	32000000	0.234214
chr10	32000001	33000000	0.173267
chr10	33000001	34000000	0.269071
chr10	34000001	35000000	0.218116
chr10	35000001	36000000	0.194634
chr10	36000001	37000000	0.200035
chr10	37000001	38000000	0.208595
chr10	38000001	39000000	0.194376
chr10	39000001	40000000	0.218725
chr10	40000001	41000000	0.305172
chr10	41000001	42000000	0.254957
chr10	42000001	43000000	0.202065
chr10	43000001	44000000	0.246991
chr10	44000001	45000000	0.252423
chr10	45000001	46000000	0.243260
chr10	46000001	47000000	0.308409
chr10	47000001	48000000	0.182457
chr10	48000001	49000000	0.218296
chr10	49000001	50000000	0.201506
chr10	50000001	51000000	0.266928
chr10	51000001	52000000	0.222234
chr10	52000001	53000000	0.237126
chr10	53000001	54000000	0.279015
chr10	54000001	55000000	0.329580
chr10	55000001	56000000	0.245195
chr10	56000001	57000000	0.202810
chr10	57000001	58000000	0.184106
chr10	58000001	59000000	0.268715
chr10	59000001	60000000	0.310045
chr10	60000001	61000000	0.222579
chr10	61000001	62000000	0.251988
chr10	62000001	63000000	0.201782
chr10	63000001	64000000	0.313979
chr10	64000001	65000000	0.278806
chr10	65000001	66000000	0.207031
chr10	66000001	67000000	0.224908
chr10	67000001	68000000	0.225396
chr10	68000001	68053814	0.219274
chr11	1	1000000	0.201666
chr11	1000001	2000000	0.161944
chr11	2000001	3000000	0.170296
chr11	3000001	4000000	0.232500
chr11	4000001	5000000	0.257319
chr11	5000001	6000000	0.303557
chr11	6000001	7000000	0.344551
chr11	7000001	8000000	0.305139
chr11	8000001	9000000	0.293320
chr11	9000001	10000000	0.195249
chr11	10000001	11000000	0.260705
chr11	11000001	12000000	0.223214
chr11	12000001	13000000	0.225269
chr11	13000001	14000000	0.239527
chr11	14000001	15000000	0.261095
chr11	15000001	16000000	0.274195
chr11	16000001	17000000	0.236213
chr11	17000001	18000000	0.269393
chr11	18000001	19000000	0.240508
chr11	19000001	20000000	0.274193
chr11	20000001	21000000	0.421695
chr11	21000001	22000000	0.277688
chr11	22000001	23000000	0.260178
chr11	23000001	24000000	0.320665
chr11	24000001	25000000	0.257965
chr11	25000001	26000000	0.203746
chr11	26000001	27000000	0.225496
chr11	27000001	28000000	0.337236
chr11	28000001	29000000	0.182544
chr11	29000001	30000000	0.144121
chr11	30000001	31000000	0.230890
chr11	31000001	32000000	0.316716
chr11	32000001	33000000	0.336916
chr11	33000001	34000000	0.137161
chr11	34000001	35000000	0.190453
chr11	35000001	36000000	0.162221
chr11	36000001	37000000	0.166041
chr11	37000001	38000000	0.208930
chr11	38000001	39000000	0.278597
chr11	39000001	40000000	0.290563
chr11	40000001	41000000	0.247672
chr11	41000001	42000000	0.381925
chr11	42000001	43000000	0.251710
chr11	43000001	44000000	0.250575
chr11	44000001	45000000	0.246016
chr11	45000001	46000000	0.254806
chr11	46000001	47000000	0.285556
chr11	47000001	48000000	0.286692
chr11	48000001	49000000	0.201900
chr11	49000001	50000000	0.232202
chr11	50000001	51000000	0.222388
chr11	51000001	52000000	0.248647
chr11	52000001	53000000	0.252375
chr11	53000001	54000000	0.323254
chr11	54000001	55000000	0.232091
chr11	55000001	56000000	0.217946
chr11	56000001	57000000	0.344955
chr11	57000001	58000000	0.330727
chr11	58000001	59000000	0.288920
chr11	59000001	60000000	0.267804
chr11	60000001	61000000	0.281194
chr11	61000001	62000000	0.178845
chr11	62000001	63000000	0.195257
chr11	63000001	64000000	0.235107
chr11	64000001	65000000	0.240332
chr11	65000001	66000000	0.237528
chr11	66000001	67000000	0.349618
chr11	67000001	68000000	0.212379
chr11	68000001	69000000	0.201903
chr11	69000001	70000000	0.211616
chr11	70000001	71000000	0.261221
chr11	71000001	72000000	0.226311
chr11	72000001	73000000	0.159689
chr11	73000001	74000000	0.252983
chr11	74000001	75000000	0.338122
chr11	75000001	76000000	0.226202
chr11	76000001	77000000	0.205200
chr11	77000001	78000000	0.256104
chr11	78000001	79000000	0.222001
chr11	79000001	80000000	0.226104
chr11	80000001	81000000	0.214492
chr11	81000001	82000000	0.207988
chr11	82000001	83000000	0.170021
chr11	83000001	84000000	0.211322
chr11	84000001	85000000	0.231635
chr11	85000001	86000000	0.184647
chr11	86000001	87000000	0.214179
chr11	87000001	88000000	0.203090
chr11	88000001	89000000	0.186229
chr11	89000001	89337516	0.121449
chr12	1	1000000	0.204042
chr12	1000001	2000000	0.163678
chr12	2000001	3000000	0.135259
chr12	3000001	4000000	0.161474
chr12	4000001	5000000	0.198120
chr12	5000001	6000000	0.217928
chr12	6000001	7000000	0.250341
chr12	7000001	8000000	0.166898
chr12	8000001	9000000	0.203062
chr12	9000001	10000000	0.237305
chr12	10000001	11000000	0.297244
chr12	11000001	12000000	0.240416
chr12	12000001	13000000	0.171886
chr12	13000001	14000000	0.306877
chr12	14000001	15000000	0.188954
chr12	15000001	16000000	0.186899
chr12	16000001	17000000	0.197649
chr12	17000001	18000000	0.171434
chr12	18000001	19000000	0.162736
chr12	19000001	20000000	0.218704
chr12	20000001	21000000	0.155140
chr12	21000001	22000000	0.210350
chr12	22000001	23000000	0.221887
chr12	23000001	24000000	0.240047
chr12	24000001	25000000	0.231588
chr12	25000001	26000000	0.221542
chr12	26000001	27000000	0.205363
chr12	27000001	28000000	0.208013
chr12	28000001	29000000	0.160755
chr12	29000001	30000000	0.136181
chr12	30000001	31000000	0.187065
chr12	31000001	32000000	0.189454
chr12	32000001	33000000	0.143692
chr12	33000001	34000000	0.209953
chr12	34000001	35000000	0.182097
chr12	35000001	36000000	0.186981
chr12	36000001	37000000	0.223914
chr12	37000001	38000000	0.183741
chr12	38000001	39000000	0.198347
chr12	39000001	40000000	0.255184
chr12	40000001	41000000	0.167234
chr12	41000001	42000000	0.261531
chr12	42000001	43000000	0.199074
chr12	43000001	44000000	0.197541
chr12	44000001	45000000	0.170948
chr12	45000001	46000000	0.176720
chr12	46000001	47000000	0.185549
chr12	47000001	48000000	0.181904
chr12	48000001	49000000	0.168889
chr12	49000001	50000000	0.212617
chr12	50000001	51000000	0.241512
chr12	51000001	52000000	0.177439
chr12	52000001	53000000	0.206669
chr12	53000001	54000000	0.232739
chr12	54000001	55000000	0.201566
chr12	55000001	56000000	0.194078
chr12	56000001	57000000	0.175686
chr12	57000001	58000000	0.129800
chr12	58000001	59000000	0.142217
chr12	59000001	60000000	0.251470
chr12	60000001	61000000	0.251575
chr12	61000001	62000000	0.269078
chr12	62000001	63000000	0.227298
chr12	63000001	64000000	0.191236
chr12	64000001	65000000	0.306331
chr12	65000001	66000000	0.220154
chr12	66000001	67000000	0.213765
chr12	67000001	68000000	0.222586
chr12	68000001	69000000	0.321945
chr12	69000001	70000000	0.221666
chr12	70000001	71000000	0.217636
chr12	71000001	72000000	0.243248
chr12	72000001	73000000	0.175862
chr12	73000001	74000000	0.214122
chr12	74000001	75000000	0.235918
chr12	75000001	76000000	0.222996
chr12	76000001	77000000	0.167079
chr12	77000001	78000000	0.200992
chr12	78000001	79000000	0.194888
chr12	79000001	80000000	0.268475
chr12	80000001	81000000	0.202856
chr12	81000001	81885254	0.300454
chr13	1	1000000	0.194218
chr13	1000001	2000000	0.159522
chr13	2000001	3000000	0.170943
chr13	3000001	4000000	0.183188
chr13	4000001	5000000	0.153785
chr13	5000001	6000000	0.211493
chr13	6000001	7000000	0.178382
chr13	7000001	8000000	0.247628
chr13	8000001	9000000	0.203780
chr13	9000001	10000000	0.239307
chr13	10000001	11000000	0.207057
chr13	11000001	12000000	0.263091
chr13	12000001	13000000	0.180078
chr13	13000001	14000000	0.313543
chr13	14000001	15000000	0.225662
chr13	15000001	16000000	0.280752
chr13	16000001	17000000	0.173371
chr13	17000001	18000000	0.280306
chr13	18000001	19000000	0.273495
chr13	19000001	20000000	0.226724
chr13	20000001	21000000	0.266875
chr13	21000001	22000000	0.249290
chr13	22000001	23000000	0.233100
chr13	23000001	24000000	0.266836
chr13	24000001	25000000	0.221616
chr13	25000001	26000000	0.291401
chr13	26000001	27000000	0.155731
chr13	27000001	28000000	0.289467
chr13	28000001	29000000	0.313071
chr13	29000001	30000000	0.285538
chr13	30000001	31000000	0.223003
chr13	31000001	32000000	0.252557
chr13	32000001	33000000	0.179184
chr13	33000001	34000000	0.178667
chr13	34000001	35000000	0.164835
chr13	35000001	36000000	0.228837
chr13	36000001	37000000	0.214329
chr13	37000001	38000000	0.175157
chr13	38000001	39000000	0.158685
chr13	39000001	40000000	0.204714
chr13	40000001	41000000	0.119608
chr13	41000001	42000000	0.233959
chr13	42000001	43000000	0.223806
chr13	43000001	44000000	0.183865
chr13	44000001	45000000	0.281335
chr13	45000001	46000000	0.357484
chr13	46000001	47000000	0.308791
chr13	47000001	48000000	0.263345
chr13	48000001	49000000	0.177174
chr13	49000001	50000000	0.124928
chr13	50000001	51000000	0.178878
chr13	51000001	52000000	0.120863
chr13	52000001	53000000	0.137892
chr13	53000001	54000000	0.176651
chr13	54000001	55000000	0.214515
chr13	55000001	56000000	0.192288
chr13	56000001	57000000	0.261004
chr13	57000001	58000000	0.155087
chr13	58000001	59000000	0.233894
chr13	59000001	60000000	0.222772
chr13	60000001	61000000	0.199759
chr13	61000001	62000000	0.158730
chr13	62000001	63000000	0.190743
chr13	63000001	64000000	0.134936
chr13	64000001	65000000	0.221503
chr13	65000001	66000000	0.198118
chr13	66000001	67000000	0.221890
chr13	67000001	68000000	0.315944
chr13	68000001	69000000	0.218320
chr13	69000001	70000000	0.172606
chr13	70000001	71000000	0.183158
chr13	71000001	72000000	0.220818
chr13	72000001	73000000	0.186945
chr13	73000001	74000000	0.170313
chr13	74000001	74588556	0.221724
chr14	1	1000000	0.247765
chr14	1000001	2000000	0.332810
chr14	2000001	3000000	0.159277
chr14	3000001	4000000	0.186468
chr14	4000001	5000000	0.251090
chr14	5000001	6000000	0.286772
chr14	6000001	7000000	0.163967
chr14	7000001	8000000	0.145852
chr14	8000001	9000000	0.310054
chr14	9000001	10000000	0.168175
chr14	10000001	11000000	0.166579
chr14	11000001	12000000	0.329173
chr14	12000001	13000000	0.193503
chr14	13000001	14000000	0.250340
chr14	14000001	15000000	0.242069
chr14	15000001	16000000	0.261128
chr14	16000001	17000000	0.205374
chr14	17000001	18000000	0.215485
chr14	18000001	19000000	0.233190
chr14	19000001	20000000	0.252532
chr14	20000001	21000000	0.272930
chr14	21000001	22000000	0.237740
chr14	22000001	23000000	0.312685
chr14	23000001	24000000	0.207393
chr14	24000001	25000000	0.222105
chr14	25000001	26000000	0.161450
chr14	26000001	27000000	0.188075
chr14	27000001	28000000	0.183756
chr14	28000001	29000000	0.128886
chr14	29000001	30000000	0.244950
chr14	30000001	31000000	0.328404
chr14	31000001	32000000	0.347844
chr14	32000001	33000000	0.328323
chr14	33000001	34000000	0.360025
chr14	34000001	35000000	0.205617
chr14	35000001	36000000	0.195162
chr14	36000001	37000000	0.130397
chr14	37000001	38000000	0.124610
chr14	38000001	39000000	0.181843
chr14	39000001	40000000	0.188033
chr14	40000001	41000000	0.173270
chr14	41000001	42000000	0.216865
chr14	42000001	43000000	0.210947
chr14	43000001	44000000	0.255937
chr14	44000001	45000000	0.115392
chr14	45000001	46000000	0.183230
chr14	46000001	47000000	0.231796
chr14	47000001	48000000	0.188125
chr14	48000001	49000000	0.210396
chr14	49000001	50000000	0.185041
chr14	50000001	51000000	0.200316
chr14	51000001	52000000	0.180273
chr14	52000001	53000000	0.194909
chr14	53000001	54000000	0.207303
chr14	54000001	55000000	0.195741
chr14	55000001	56000000	0.193837
chr14	56000001	57000000	0.171255
chr14	57000001	58000000	0.261760
chr14	58000001	59000000	0.249963
chr14	59000001	60000000	0.192872
chr14	60000001	61000000	0.216808
chr14	61000001	62000000	0.166412
chr14	62000001	63000000	0.158112
chr14	63000001	64000000	0.313215
chr14	64000001	65000000	0.259135
chr14	65000001	66000000	0.217325
chr14	66000001	67000000	0.189257
chr14	67000001	68000000	0.200475
chr14	68000001	69000000	0.193693
chr14	69000001	70000000	0.186685
chr14	70000001	71000000	0.165167
chr14	71000001	72000000	0.294175
chr14	72000001	73000000	0.196310
chr14	73000001	74000000	0.220342
chr14	74000001	75000000	0.241239
chr14	75000001	76000000	0.253253
chr14	76000001	77000000	0.239343
chr14	77000001	78000000	0.214143
chr14	78000001	79000000	0.214479
chr14	79000001	80000000	0.240502
chr14	80000001	81000000	0.176700
chr14	81000001	82000000	0.205523
chr14	82000001	83000000	0.225413
chr14	83000001	84000000	0.195025
chr14	84000001	85000000	0.238035
chr14	85000001	86000000	0.244298
chr14	86000001	87000000	0.289644
chr14	87000001	87868007	0.320773
chr15	1	1000000	0.208966
chr15	1000001	2000000	0.203512
chr15	2000001	3000000	0.202533
chr15	3000001	4000000	0.205611
chr15	4000001	5000000	0.168545
chr15	5000001	6000000	0.222555
chr15	6000001	7000000	0.182445
chr15	7000001	8000000	0.241021
chr15	8000001	9000000	0.231644
chr15	9000001	10000000	0.194026
chr15	10000001	11000000	0.251835
chr15	11000001	12000000	0.193281
chr15	12000001	13000000	0.227779
chr15	13000001	14000000	0.240160
chr15	14000001	15000000	0.213058
chr15	15000001	16000000	0.243585
chr15	16000001	17000000	0.295671
chr15	17000001	18000000	0.221451
chr15	18000001	19000000	0.197946
chr15	19000001	20000000	0.198666
chr15	20000001	21000000	0.306523
chr15	21000001	22000000	0.360258
chr15	22000001	23000000	0.206705
chr15	23000001	24000000	0.189362
chr15	24000001	25000000	0.148063
chr15	25000001	26000000	0.160946
chr15	26000001	27000000	0.160144
chr15	27000001	28000000	0.193291
chr15	28000001	29000000	0.141984
chr15	29000001	30000000	0.210537
chr15	30000001	31000000	0.231226
chr15	31000001	32000000	0.241532
chr15	32000001	33000000	0.226015
chr15	33000001	34000000	0.192756
chr15	34000001	35000000	0.233898
chr15	35000001	36000000	0.258371
chr15	36000001	37000000	0.188609
chr15	37000001	38000000	0.204893
chr15	38000001	39000000	0.252786
chr15	39000001	40000000	0.208593
chr15	40000001	41000000	0.164888
chr15	41000001	42000000	0.217780
chr15	42000001	43000000	0.279426
chr15	43000001	44000000	0.226122
chr15	44000001	45000000	0.189935
chr15	45000001	46000000	0.239735
chr15	46000001	47000000	0.195382
chr15	47000001	48000000	0.172016
chr15	48000001	49000000	0.240367
chr15	49000001	50000000	0.202542
chr15	50000001	51000000	0.299622
chr15	51000001	52000000	0.207721
chr15	52000001	53000000	0.203045
chr15	53000001	54000000	0.208331
chr15	54000001	55000000	0.197217
chr15	55000001	56000000	0.218205
chr15	56000001	57000000	0.209496
chr15	57000001	58000000	0.268398
chr15	58000001	59000000	0.225125
chr15	59000001	60000000	0.232878
chr15	60000001	61000000	0.196650
chr15	61000001	62000000	0.190566
chr15	62000001	63000000	0.239515
chr15	63000001	64000000	0.225303
chr15	64000001	65000000	0.250628
chr15	65000001	66000000	0.233167
chr15	66000001	67000000	0.239476
chr15	67000001	68000000	0.231806
chr15	68000001	69000000	0.198824
chr15	69000001	70000000	0.206361
chr15	70000001	71000000	0.237451
chr15	71000001	71825820	0.212330
chr16	1	1000000	0.197355
chr16	1000001	2000000	0.168181
chr16	2000001	3000000	0.219762
chr16	3000001	4000000	0.219206
chr16	4000001	5000000	0.204671
chr16	5000001	6000000	0.217389
chr16	6000001	7000000	0.234391
chr16	7000001	8000000	0.189306
chr16	8000001	9000000	0.201020
chr16	9000001	10000000	0.242666
chr16	10000001	11000000	0.207071
chr16	11000001	12000000	0.217960
chr16	12000001	13000000	0.265111
chr16	13000001	14000000	0.225222
chr16	14000001	15000000	0.252751
chr16	15000001	16000000	0.178964
chr16	16000001	17000000	0.194244
chr16	17000001	18000000	0.170810
chr16	18000001	19000000	0.128934
chr16	19000001	20000000	0.124460
chr16	20000001	21000000	0.160557
chr16	21000001	22000000	0.192269
chr16	22000001	23000000	0.108700
chr16	23000001	24000000	0.179606
chr16	24000001	25000000	0.182994
chr16	25000001	26000000	0.215069
chr16	26000001	27000000	0.225644
chr16	27000001	28000000	0.209573
chr16	28000001	29000000	0.169300
chr16	29000001	30000000	0.225318
chr16	30000001	31000000	0.261605
chr16	31000001	32000000	0.205601
chr16	32000001	33000000	0.282139
chr16	33000001	34000000	0.202645
chr16	34000001	35000000	0.208528
chr16	35000001	36000000	0.197933
chr16	36000001	37000000	0.198333
chr16	37000001	38000000	0.220379
chr16	38000001	39000000	0.157149
chr16	39000001	40000000	0.190385
chr16	40000001	41000000	0.183165
chr16	41000001	42000000	0.152451
chr16	42000001	43000000	0.198664
chr16	43000001	44000000	0.227397
chr16	44000001	45000000	0.185637
chr16	45000001	46000000	0.186745
chr16	46000001	47000000	0.177007
chr16	47000001	48000000	0.152091
chr16	48000001	49000000	0.175021
chr16	49000001	50000000	0.289516
chr16	50000001	51000000	0.229228
chr16	51000001	52000000	0.223844
chr16	52000001	53000000	0.199476
chr16	53000001	54000000	0.249173
chr16	54000001	55000000	0.184732
chr16	55000001	56000000	0.132820
chr16	56000001	57000000	0.185748
chr16	57000001	58000000	0.204652
chr16	58000001	59000000	0.173806
chr16	59000001	60000000	0.173661
chr16	60000001	61000000	0.218155
chr16	61000001	62000000	0.191888
chr16	62000001	63000000	0.155781
chr16	63000001	64000000	0.176575
chr16	64000001	65000000	0.257758
chr16	65000001	66000000	0.289152
chr16	66000001	67000000	0.326821
chr16	67000001	68000000	0.377308
chr16	68000001	69000000	0.274746
chr16	69000001	70000000	0.256607
chr16	70000001	71000000	0.173688
chr16	71000001	72000000	0.181516
chr16	72000001	73000000	0.166910
chr16	73000001	74000000	0.198505
chr16	74000001	75000000	0.167821
chr16	75000001	76000000	0.173747
chr16	76000001	77000000	0.292072
chr16	77000001	78000000	0.223633
chr16	78000001	79000000	0.186901
chr16	79000001	80000000	0.136525
chr16	80000001	81000000	0.273619
chr16	81000001	82000000	0.213094
chr16	82000001	83000000	0.208293
chr16	83000001	84000000	0.242948
chr16	84000001	85000000	0.204128
chr16	85000001	86000000	0.185063
chr16	86000001	87000000	0.196153
chr16	87000001	88000000	0.220362
chr16	88000001	89000000	0.195516
chr16	89000001	89231009	0.154306
chr17	1	1000000	0.366553
chr17	1000001	2000000	0.248058
chr17	2000001	3000000	0.267081
chr17	3000001	4000000	0.259326
chr17	4000001	5000000	0.178367
chr17	5000001	6000000	0.188416
chr17	6000001	7000000	0.222275
chr17	7000001	8000000	0.255572
chr17	8000001	9000000	0.324989
chr17	9000001	10000000	0.223050
chr17	10000001	11000000	0.232373
chr17	11000001	12000000	0.289272
chr17	12000001	13000000	0.277709
chr17	13000001	14000000	0.250282
chr17	14000001	15000000	0.157451
chr17	15000001	16000000	0.155785
chr17	16000001	17000000	0.239446
chr17	17000001	18000000	0.255070
chr17	18000001	19000000	0.206371
chr17	19000001	20000000	0.242160
chr17	20000001	21000000	0.154520
chr17	21000001	22000000	0.231542
chr17	22000001	23000000	0.227125
chr17	23000001	24000000	0.197754
chr17	24000001	25000000	0.294943
chr17	25000001	26000000	0.179097
chr17	26000001	27000000	0.270216
chr17	27000001	28000000	0.194917
chr17	28000001	29000000	0.278854
chr17	29000001	30000000	0.217595
chr17	30000001	31000000	0.245303
chr17	31000001	32000000	0.279500
chr17	32000001	33000000	0.261826
chr17	33000001	34000000	0.206979
chr17	34000001	35000000	0.182180
chr17	35000001	36000000	0.198537
chr17	36000001	37000000	0.285308
chr17	37000001	38000000	0.295967
chr17	38000001	39000000	0.169952
chr17	39000001	40000000	0.263382
chr17	40000001	41000000	0.211969
chr17	41000001	42000000	0.247216
chr17	42000001	43000000	0.229250
chr17	43000001	44000000	0.251510
chr17	44000001	45000000	0.271653
chr17	45000001	46000000	0.242905
chr17	46000001	47000000	0.232549
chr17	47000001	48000000	0.262012
chr17	48000001	49000000	0.277597
chr17	49000001	50000000	0.168127
chr17	50000001	51000000	0.225582
chr17	51000001	52000000	0.214465
chr17	52000001	53000000	0.170507
chr17	53000001	54000000	0.247586
chr17	54000001	55000000	0.235608
chr17	55000001	56000000	0.236303
chr17	56000001	57000000	0.169547
chr17	57000001	58000000	0.185098
chr17	58000001	59000000	0.226443
chr17	59000001	60000000	0.211231
chr17	60000001	61000000	0.214525
chr17	61000001	61724274	0.280047
chr18	1	1000000	0.217262
chr18	1000001	2000000	0.214525
chr18	2000001	3000000	0.259014
chr18	3000001	4000000	0.329685
chr18	4000001	5000000	0.246477
chr18	5000001	6000000	0.212421
chr18	6000001	7000000	0.219985
chr18	7000001	8000000	0.206915
chr18	8000001	9000000	0.198180
chr18	9000001	10000000	0.225771
chr18	10000001	11000000	0.175183
chr18	11000001	12000000	0.255495
chr18	12000001	13000000	0.238175
chr18	13000001	14000000	0.227385
chr18	14000001	15000000	0.249050
chr18	15000001	16000000	0.324687
chr18	16000001	17000000	0.211173
chr18	17000001	18000000	0.264215
chr18	18000001	19000000	0.192178
chr18	19000001	20000000	0.306124
chr18	20000001	21000000	0.189013
chr18	21000001	22000000	0.160847
chr18	22000001	23000000	0.299354
chr18	23000001	24000000	0.198320
chr18	24000001	25000000	0.202172
chr18	25000001	26000000	0.119215
chr18	26000001	27000000	0.173424
chr18	27000001	28000000	0.230756
chr18	28000001	29000000	0.231130
chr18	29000001	30000000	0.315699
chr18	30000001	31000000	0.146036
chr18	31000001	32000000	0.246649
chr18	32000001	33000000	0.151674
chr18	33000001	34000000	0.195048
chr18	34000001	35000000	0.162625
chr18	35000001	36000000	0.226200
chr18	36000001	37000000	0.234998
chr18	37000001	38000000	0.278415
chr18	38000001	39000000	0.230586
chr18	39000001	40000000	0.243025
chr18	40000001	41000000	0.199937
chr18	41000001	42000000	0.251446
chr18	42000001	43000000	0.247130
chr18	43000001	44000000	0.220219
chr18	44000001	45000000	0.197857
chr18	45000001	46000000	0.199274
chr18	46000001	47000000	0.144591
chr18	47000001	48000000	0.285583
chr18	48000001	49000000	0.195978
chr18	49000001	50000000	0.261813
chr18	50000001	51000000	0.164733
chr18	51000001	52000000	0.171030
chr18	52000001	53000000	0.211517
chr18	53000001	54000000	0.175937
chr18	54000001	55000000	0.214801
chr18	55000001	56000000	0.200436
chr18	56000001	57000000	0.287847
chr18	57000001	58000000	0.227287
chr18	58000001	59000000	0.185878
chr18	59000001	60000000	0.290637
chr18	60000001	61000000	0.201909
chr18	61000001	62000000	0.253742
chr18	62000001	63000000	0.173520
chr18	63000001	64000000	0.254445
chr18	64000001	65000000	0.237546
chr18	65000001	66000000	0.219677
chr18	66000001	67000000	0.199736
chr18	67000001	68000000	0.236169
chr18	68000001	69000000	0.254901
chr18	69000001	70000000	0.165711
chr18	70000001	70111946	0.122997
chr2	1	1000000	0.216833
chr2	1000001	2000000	0.268030
chr2	2000001	3000000	0.251724
chr2	3000001	4000000	0.228683
chr2	4000001	5000000	0.253385
chr2	5000001	6000000	0.232923
chr2	6000001	7000000	0.244478
chr2	7000001	8000000	0.196377
chr2	8000001	9000000	0.208465
chr2	9000001	10000000	0.260683
chr2	10000001	11000000	0.213474
chr2	11000001	12000000	0.201691
chr2	12000001	13000000	0.235698
chr2	13000001	14000000	0.222243
chr2	14000001	15000000	0.218571
chr2	15000001	16000000	0.209647
chr2	16000001	17000000	0.161851
chr2	17000001	18000000	0.186478
chr2	18000001	19000000	0.169760
chr2	19000001	20000000	0.223349
chr2	20000001	21000000	0.224168
chr2	21000001	22000000	0.173819
chr2	22000001	23000000	0.274442
chr2	23000001	24000000	0.289909
chr2	24000001	25000000	0.299979
chr2	25000001	26000000	0.283883
chr2	26000001	27000000	0.316282
chr2	27000001	28000000	0.280986
chr2	28000001	29000000	0.269460
chr2	29000001	30000000	0.368074
chr2	30000001	31000000	0.287526
chr2	31000001	32000000	0.306556
chr2	32000001	33000000	0.324255
chr2	33000001	34000000	0.258516
chr2	34000001	35000000	0.205111
chr2	35000001	36000000	0.460212
chr2	36000001	37000000	0.357079
chr2	37000001	38000000	0.226953
chr2	38000001	39000000	0.261196
chr2	39000001	40000000	0.202632
chr2	40000001	41000000	0.200640
chr2	41000001	42000000	0.233262
chr2	42000001	43000000	0.220442
chr2	43000001	44000000	0.114989
chr2	44000001	45000000	0.233827
chr2	45000001	46000000	0.265008
chr2	46000001	47000000	0.278115
chr2	47000001	48000000	0.233104
chr2	48000001	49000000	0.196442
chr2	49000001	50000000	0.305196
chr2	50000001	51000000	0.282692
chr2	51000001	52000000	0.278257
chr2	52000001	53000000	0.319965
chr2	53000001	54000000	0.266866
chr2	54000001	55000000	0.245037
chr2	55000001	56000000	0.321448
chr2	56000001	57000000	0.245907
chr2	57000001	58000000	0.239030
chr2	58000001	59000000	0.218728
chr2	59000001	60000000	0.241764
chr2	60000001	61000000	0.214885
chr2	61000001	61727229	0.208843
chr3	1	1000000	0.191193
chr3	1000001	2000000	0.165372
chr3	2000001	3000000	0.382714
chr3	3000001	4000000	0.233775
chr3	4000001	5000000	0.215126
chr3	5000001	6000000	0.175855
chr3	6000001	7000000	0.211868
chr3	7000001	8000000	0.197604
chr3	8000001	9000000	0.244882
chr3	9000001	10000000	0.197619
chr3	10000001	11000000	0.187547
chr3	11000001	12000000	0.227601
chr3	12000001	13000000	0.192315
chr3	13000001	14000000	0.221392
chr3	14000001	15000000	0.248270
chr3	15000001	16000000	0.193648
chr3	16000001	17000000	0.241442
chr3	17000001	18000000	0.189946
chr3	18000001	19000000	0.137481
chr3	19000001	20000000	0.143227
chr3	20000001	21000000	0.195031
chr3	21000001	22000000	0.216902
chr3	22000001	23000000	0.152117
chr3	23000001	24000000	0.330931
chr3	24000001	25000000	0.315819
chr3	25000001	26000000	0.242164
chr3	26000001	27000000	0.212672
chr3	27000001	28000000	0.219112
chr3	28000001	29000000	0.182893
chr3	29000001	30000000	0.185827
chr3	30000001	31000000	0.192266
chr3	31000001	32000000	0.171310
chr3	32000001	33000000	0.163886
chr3	33000001	34000000	0.341549
chr3	34000001	35000000	0.181281
chr3	35000001	36000000	0.321424
chr3	36000001	37000000	0.171953
chr3	37000001	38000000	0.277829
chr3	38000001	39000000	0.217756
chr3	39000001	40000000	0.225979
chr3	40000001	41000000	0.160483
chr3	41000001	42000000	0.160140
chr3	42000001	43000000	0.221605
chr3	43000001	44000000	0.204232
chr3	44000001	45000000	0.239015
chr3	45000001	46000000	0.185540
chr3	46000001	47000000	0.227201
chr3	47000001	48000000	0.228888
chr3	48000001	49000000	0.251475
chr3	49000001	50000000	0.182262
chr3	50000001	51000000	0.204578
chr3	51000001	52000000	0.189395
chr3	52000001	53000000	0.225429
chr3	53000001	54000000	0.201644
chr3	54000001	55000000	0.163541
chr3	55000001	56000000	0.196714
chr3	56000001	57000000	0.217903
chr3	57000001	58000000	0.169161
chr3	58000001	59000000	0.184128
chr3	59000001	60000000	0.210613
chr3	60000001	61000000	0.324396
chr3	61000001	62000000	0.261333
chr3	62000001	63000000	0.232765
chr3	63000001	64000000	0.214358
chr3	64000001	65000000	0.253145
chr3	65000001	66000000	0.256170
chr3	66000001	67000000	0.272630
chr3	67000001	68000000	0.201403
chr3	68000001	69000000	0.345057
chr3	69000001	70000000	0.218587
chr3	70000001	71000000	0.241283
chr3	71000001	72000000	0.135893
chr3	72000001	73000000	0.225297
chr3	73000001	74000000	0.254382
chr3	74000001	75000000	0.166093
chr3	75000001	76000000	0.202661
chr3	76000001	77000000	0.216280
chr3	77000001	78000000	0.236156
chr3	78000001	79000000	0.278921
chr3	79000001	80000000	0.194267
chr3	80000001	81000000	0.235904
chr3	81000001	82000000	0.221915
chr3	82000001	83000000	0.235176
chr3	83000001	84000000	0.213409
chr3	84000001	85000000	0.194791
chr3	85000001	86000000	0.215137
chr3	86000001	86823602	0.239063
chr4	1	1000000	0.398736
chr4	1000001	2000000	0.301911
chr4	2000001	3000000	0.271681
chr4	3000001	4000000	0.288450
chr4	4000001	5000000	0.262888
chr4	5000001	6000000	0.244729
chr4	6000001	7000000	0.226556
chr4	7000001	8000000	0.199272
chr4	8000001	9000000	0.324864
chr4	9000001	10000000	0.272367
chr4	10000001	11000000	0.242311
chr4	11000001	12000000	0.268582
chr4	12000001	13000000	0.205882
chr4	13000001	14000000	0.210560
chr4	14000001	15000000	0.200397
chr4	15000001	16000000	0.209401
chr4	16000001	17000000	0.229381
chr4	17000001	18000000	0.213186
chr4	18000001	19000000	0.156140
chr4	19000001	20000000	0.182806
chr4	20000001	21000000	0.266199
chr4	21000001	22000000	0.212273
chr4	22000001	23000000	0.199764
chr4	23000001	24000000	0.216904
chr4	24000001	25000000	0.171330
chr4	25000001	26000000	0.237778
chr4	26000001	27000000	0.258642
chr4	27000001	28000000	0.277144
chr4	28000001	29000000	0.219511
chr4	29000001	30000000	0.277013
chr4	30000001	31000000	0.208569
chr4	31000001	32000000	0.325715
chr4	32000001	33000000	0.289676
chr4	33000001	34000000	0.254893
chr4	34000001	35000000	0.276064
chr4	35000001	36000000	0.237138
chr4	36000001	37000000	0.199788
chr4	37000001	38000000	0.257689
chr4	38000001	39000000	0.198367
chr4	39000001	40000000	0.243665
chr4	40000001	41000000	0.151219
chr4	41000001	42000000	0.223956
chr4	42000001	43000000	0.334892
chr4	43000001	44000000	0.248782
chr4	44000001	45000000	0.377117
chr4	45000001	46000000	0.216508
chr4	46000001	47000000	0.243596
chr4	47000001	48000000	0.203185
chr4	48000001	49000000	0.262386
chr4	49000001	50000000	0.316882
chr4	50000001	51000000	0.157625
chr4	51000001	52000000	0.237405
chr4	52000001	53000000	0.322713
chr4	53000001	54000000	0.165965
chr4	54000001	55000000	0.192616
chr4	55000001	56000000	0.246324
chr4	56000001	57000000	0.311926
chr4	57000001	58000000	0.338986
chr4	58000001	59000000	0.335805
chr4	59000001	60000000	0.361383
chr4	60000001	61000000	0.309321
chr4	61000001	62000000	0.203199
chr4	62000001	62554782	0.400967
chr5	1	1000000	0.206187
chr5	1000001	2000000	0.172461
chr5	2000001	3000000	0.208764
chr5	3000001	4000000	0.226658
chr5	4000001	5000000	0.170972
chr5	5000001	6000000	0.203073
chr5	6000001	7000000	0.212629
chr5	7000001	8000000	0.187350
chr5	8000001	9000000	0.342860
chr5	9000001	10000000	0.230856
chr5	10000001	11000000	0.338489
chr5	11000001	12000000	0.262847
chr5	12000001	13000000	0.239132
chr5	13000001	14000000	0.324011
chr5	14000001	15000000	0.321641
chr5	15000001	16000000	0.209362
chr5	16000001	17000000	0.201845
chr5	17000001	18000000	0.199183
chr5	18000001	19000000	0.242720
chr5	19000001	20000000	0.212704
chr5	20000001	21000000	0.272500
chr5	21000001	22000000	0.208082
chr5	22000001	23000000	0.228982
chr5	23000001	24000000	0.386307
chr5	24000001	25000000	0.223242
chr5	25000001	26000000	0.243727
chr5	26000001	27000000	0.216142
chr5	27000001	28000000	0.254596
chr5	28000001	29000000	0.223588
chr5	29000001	30000000	0.231811
chr5	30000001	31000000	0.197633
chr5	31000001	32000000	0.167246
chr5	32000001	33000000	0.269673
chr5	33000001	34000000	0.285046
chr5	34000001	35000000	0.373563
chr5	35000001	36000000	0.246442
chr5	36000001	37000000	0.248129
chr5	37000001	38000000	0.281129
chr5	38000001	39000000	0.295624
chr5	39000001	40000000	0.214627
chr5	40000001	41000000	0.269709
chr5	41000001	42000000	0.297713
chr5	42000001	43000000	0.249730
chr5	43000001	44000000	0.213288
chr5	44000001	45000000	0.166029
chr5	45000001	46000000	0.210774
chr5	46000001	47000000	0.143143
chr5	47000001	48000000	0.154240
chr5	48000001	49000000	0.295020
chr5	49000001	50000000	0.297167
chr5	50000001	51000000	0.394591
chr5	51000001	52000000	0.250345
chr5	52000001	53000000	0.137330
chr5	53000001	54000000	0.165904
chr5	54000001	55000000	0.176688
chr5	55000001	56000000	0.234140
chr5	56000001	57000000	0.186665
chr5	57000001	58000000	0.195639
chr5	58000001	59000000	0.203338
chr5	59000001	60000000	0.219580
chr5	60000001	61000000	0.215841
chr5	61000001	62000000	0.225067
chr5	62000001	63000000	0.220270
chr5	63000001	64000000	0.231613
chr5	64000001	65000000	0.189673
chr5	65000001	66000000	0.185984
chr5	66000001	67000000	0.223233
chr5	67000001	68000000	0.202877
chr5	68000001	69000000	0.253161
chr5	69000001	70000000	0.282844
chr5	70000001	71000000	0.244438
chr5	71000001	72000000	0.264975
chr5	72000001	73000000	0.198830
chr5	73000001	74000000	0.267630
chr5	74000001	75000000	0.234229
chr5	75000001	76000000	0.217571
chr5	76000001	77000000	0.266171
chr5	77000001	78000000	0.224665
chr5	78000001	79000000	0.144047
chr5	79000001	80000000	0.201194
chr5	80000001	81000000	0.241129
chr5	81000001	82000000	0.194913
chr5	82000001	83000000	0.246714
chr5	83000001	84000000	0.190844
chr5	84000001	85000000	0.212685
chr5	85000001	85936795	0.189469
chr6	1	1000000	0.160843
chr6	1000001	2000000	0.227997
chr6	2000001	3000000	0.243015
chr6	3000001	4000000	0.171621
chr6	4000001	5000000	0.278128
chr6	5000001	6000000	0.288062
chr6	6000001	7000000	0.217451
chr6	7000001	8000000	0.225033
chr6	8000001	9000000	0.185009
chr6	9000001	10000000	0.193013
chr6	10000001	11000000	0.251715
chr6	11000001	12000000	0.254787
chr6	12000001	13000000	0.266249
chr6	13000001	14000000	0.372690
chr6	14000001	15000000	0.213364
chr6	15000001	16000000	0.262716
chr6	16000001	17000000	0.277307
chr6	17000001	18000000	0.135508
chr6	18000001	19000000	0.185801
chr6	19000001	20000000	0.255789
chr6	20000001	21000000	0.136409
chr6	21000001	22000000	0.251544
chr6	22000001	23000000	0.222941
chr6	23000001	24000000	0.300002
chr6	24000001	25000000	0.243447
chr6	25000001	26000000	0.231082
chr6	26000001	27000000	0.231852
chr6	27000001	28000000	0.208358
chr6	28000001	29000000	0.238265
chr6	29000001	30000000	0.175182
chr6	30000001	31000000	0.214497
chr6	31000001	32000000	0.237589
chr6	32000001	33000000	0.265435
chr6	33000001	34000000	0.292256
chr6	34000001	35000000	0.340241
chr6	35000001	36000000	0.284273
chr6	36000001	37000000	0.461445
chr6	37000001	38000000	0.294060
chr6	38000001	39000000	0.352933
chr6	39000001	40000000	0.386400
chr6	40000001	41000000	0.467121
chr6	41000001	42000000	0.150318
chr6	42000001	43000000	0.197241
chr6	43000001	44000000	0.252587
chr6	44000001	45000000	0.242418
chr6	45000001	46000000	0.348547
chr6	46000001	47000000	0.256694
chr6	47000001	48000000	0.227003
chr6	48000001	49000000	0.320033
chr6	49000001	50000000	0.263399
chr6	50000001	51000000	0.293548
chr6	51000001	52000000	0.314253
chr6	52000001	53000000	0.303058
chr6	53000001	54000000	0.228377
chr6	54000001	55000000	0.137961
chr6	55000001	56000000	0.243549
chr6	56000001	57000000	0.164675
chr6	57000001	58000000	0.180697
chr6	58000001	59000000	0.181371
chr6	59000001	60000000	0.224657
chr6	60000001	61000000	0.253154
chr6	61000001	62000000	0.268749
chr6	62000001	63000000	0.223343
chr6	63000001	64000000	0.281230
chr6	64000001	65000000	0.425766
chr6	65000001	66000000	0.339844
chr6	66000001	67000000	0.348028
chr6	67000001	68000000	0.284912
chr6	68000001	69000000	0.234880
chr6	69000001	70000000	0.191105
chr6	70000001	71000000	0.292050
chr6	71000001	72000000	0.310845
chr6	72000001	73000000	0.303575
chr6	73000001	74000000	0.317884
chr6	74000001	75000000	0.347751
chr6	75000001	76000000	0.385622
chr6	76000001	77000000	0.248625
chr6	77000001	78000000	0.245970
chr6	78000001	79000000	0.355653
chr6	79000001	80000000	0.275220
chr6	80000001	81000000	0.192290
chr6	81000001	82000000	0.419513
chr6	82000001	83000000	0.285436
chr6	83000001	83403605	0.179928
chr7	1	1000000	0.284640
chr7	1000001	2000000	0.228752
chr7	2000001	3000000	0.218233
chr7	3000001	4000000	0.249833
chr7	4000001	5000000	0.275250
chr7	5000001	6000000	0.246949
chr7	6000001	7000000	0.239011
chr7	7000001	8000000	0.249935
chr7	8000001	9000000	0.247697
chr7	9000001	10000000	0.227513
chr7	10000001	11000000	0.219983
chr7	11000001	12000000	0.249131
chr7	12000001	13000000	0.290917
chr7	13000001	14000000	0.249324
chr7	14000001	15000000	0.309786
chr7	15000001	16000000	0.240000
chr7	16000001	17000000	0.203051
chr7	17000001	18000000	0.238868
chr7	18000001	19000000	0.238864
chr7	19000001	20000000	0.249478
chr7	20000001	21000000	0.204248
chr7	21000001	22000000	0.283963
chr7	22000001	23000000	0.275827
chr7	23000001	24000000	0.234488
chr7	24000001	25000000	0.258612
chr7	25000001	26000000	0.295930
chr7	26000001	27000000	0.272655
chr7	27000001	28000000	0.276516
chr7	28000001	29000000	0.172540
chr7	29000001	30000000	0.152179
chr7	30000001	31000000	0.198789
chr7	31000001	32000000	0.280909
chr7	32000001	33000000	0.295014
chr7	33000001	34000000	0.256146
chr7	34000001	35000000	0.172153
chr7	35000001	36000000	0.128873
chr7	36000001	37000000	0.149265
chr7	37000001	38000000	0.190551
chr7	38000001	39000000	0.171701
chr7	39000001	40000000	0.297347
chr7	40000001	41000000	0.276110
chr7	41000001	42000000	0.270116
chr7	42000001	43000000	0.169216
chr7	43000001	44000000	0.281395
chr7	44000001	45000000	0.254100
chr7	45000001	46000000	0.287716
chr7	46000001	47000000	0.219258
chr7	47000001	48000000	0.191435
chr7	48000001	49000000	0.244309
chr7	49000001	50000000	0.316034
chr7	50000001	51000000	0.166818
chr7	51000001	52000000	0.277711
chr7	52000001	53000000	0.364013
chr7	53000001	54000000	0.250113
chr7	54000001	55000000	0.219527
chr7	55000001	56000000	0.236550
chr7	56000001	57000000	0.237154
chr7	57000001	58000000	0.233476
chr7	58000001	59000000	0.176295
chr7	59000001	59286736	0.125694
chr8	1	1000000	0.251526
chr8	1000001	2000000	0.202024
chr8	2000001	3000000	0.232112
chr8	3000001	4000000	0.284149
chr8	4000001	5000000	0.209784
chr8	5000001	6000000	0.226439
chr8	6000001	7000000	0.232105
chr8	7000001	8000000	0.298358
chr8	8000001	9000000	0.252880
chr8	9000001	10000000	0.181048
chr8	10000001	11000000	0.223425
chr8	11000001	12000000	0.242234
chr8	12000001	13000000	0.301764
chr8	13000001	14000000	0.279605
chr8	14000001	15000000	0.220387
chr8	15000001	16000000	0.202464
chr8	16000001	17000000	0.200098
chr8	17000001	18000000	0.228548
chr8	18000001	19000000	0.254103
chr8	19000001	20000000	0.228093
chr8	20000001	21000000	0.212752
chr8	21000001	22000000	0.191175
chr8	22000001	23000000	0.261218
chr8	23000001	24000000	0.131329
chr8	24000001	25000000	0.178091
chr8	25000001	26000000	0.217802
chr8	26000001	27000000	0.211205
chr8	27000001	28000000	0.267061
chr8	28000001	29000000	0.261188
chr8	29000001	30000000	0.292282
chr8	30000001	31000000	0.263660
chr8	31000001	32000000	0.214505
chr8	32000001	33000000	0.186983
chr8	33000001	34000000	0.171381
chr8	34000001	35000000	0.212939
chr8	35000001	36000000	0.234470
chr8	36000001	37000000	0.176731
chr8	37000001	38000000	0.214131
chr8	38000001	39000000	0.260216
chr8	39000001	40000000	0.180087
chr8	40000001	41000000	0.171582
chr8	41000001	42000000	0.215665
chr8	42000001	43000000	0.221867
chr8	43000001	44000000	0.236657
chr8	44000001	45000000	0.214203
chr8	45000001	46000000	0.190254
chr8	46000001	47000000	0.194445
chr8	47000001	48000000	0.297605
chr8	48000001	49000000	0.265197
chr8	49000001	50000000	0.239241
chr8	50000001	51000000	0.170362
chr8	51000001	52000000	0.228089
chr8	52000001	53000000	0.190642
chr8	53000001	54000000	0.237792
chr8	54000001	55000000	0.246122
chr8	55000001	56000000	0.275163
chr8	56000001	57000000	0.193645
chr8	57000001	58000000	0.226841
chr8	58000001	59000000	0.213818
chr8	59000001	60000000	0.203483
chr8	60000001	61000000	0.269088
chr8	61000001	62000000	0.204975
chr8	62000001	63000000	0.200640
chr8	63000001	64000000	0.273378
chr8	64000001	65000000	0.220554
chr8	65000001	66000000	0.239159
chr8	66000001	67000000	0.183776
chr8	67000001	68000000	0.206381
chr8	68000001	69000000	0.297180
chr8	69000001	69389724	0.312383
chr9	1	1000000	0.157201
chr9	1000001	2000000	0.193472
chr9	2000001	3000000	0.195453
chr9	3000001	4000000	0.245907
chr9	4000001	5000000	0.243212
chr9	5000001	6000000	0.242810
chr9	6000001	7000000	0.231808
chr9	7000001	8000000	0.305934
chr9	8000001	9000000	0.214173
chr9	9000001	10000000	0.208435
chr9	10000001	11000000	0.252672
chr9	11000001	12000000	0.305822
chr9	12000001	13000000	0.250134
chr9	13000001	14000000	0.196473
chr9	14000001	15000000	0.281481
chr9	15000001	16000000	0.274644
chr9	16000001	17000000	0.143478
chr9	17000001	18000000	0.220943
chr9	18000001	19000000	0.242825
chr9	19000001	20000000	0.250797
chr9	20000001	21000000	0.217035
chr9	21000001	22000000	0.242411
chr9	22000001	23000000	0.216722
chr9	23000001	24000000	0.304992
chr9	24000001	25000000	0.207577
chr9	25000001	26000000	0.247788
chr9	26000001	27000000	0.206730
chr9	27000001	28000000	0.214607
chr9	28000001	29000000	0.191984
chr9	29000001	30000000	0.254817
chr9	30000001	31000000	0.240956
chr9	31000001	32000000	0.207257
chr9	32000001	33000000	0.208217
chr9	33000001	34000000	0.227113
chr9	34000001	35000000	0.355814
chr9	35000001	36000000	0.185690
chr9	36000001	37000000	0.219105
chr9	37000001	38000000	0.183160
chr9	38000001	39000000	0.238631
chr9	39000001	40000000	0.272628
chr9	40000001	41000000	0.214504
chr9	41000001	42000000	0.204528
chr9	42000001	43000000	0.188705
chr9	43000001	44000000	0.174820
chr9	44000001	45000000	0.210498
chr9	45000001	46000000	0.337012
chr9	46000001	47000000	0.266895
chr9	47000001	48000000	0.209648
chr9	48000001	49000000	0.174489
chr9	49000001	50000000	0.137759
chr9	50000001	51000000	0.216253
chr9	51000001	52000000	0.270337
chr9	52000001	53000000	0.242349
chr9	53000001	54000000	0.142087
chr9	54000001	55000000	0.290532
chr9	55000001	56000000	0.226885
chr9	56000001	57000000	0.219449
chr9	57000001	58000000	0.204835
chr9	58000001	59000000	0.254396
chr9	59000001	60000000	0.226798
chr9	60000001	61000000	0.190225
chr9	61000001	62000000	0.310306
chr9	62000001	63000000	0.329910
chr9	63000001	64000000	0.203149
chr9	64000001	65000000	0.261336
chr9	65000001	66000000	0.226105
chr9	66000001	67000000	0.206986
chr9	67000001	68000000	0.138139
chr9	68000001	68919010	0.267149
